MEDIAN_INSERT_SIZE	MODE_INSERT_SIZE	MEDIAN_ABSOLUTE_DEVIATION	MIN_INSERT_SIZE	MAX_INSERT_SIZE	MEAN_INSERT_SIZE	STANDARD_DEVIATION	READ_PAIRS	PAIR_ORIENTATION	WIDTH_OF_10_PERCENT	WIDTH_OF_20_PERCENT	WIDTH_OF_30_PERCENT	WIDTH_OF_40_PERCENT	WIDTH_OF_50_PERCENT	WIDTH_OF_60_PERCENT	WIDTH_OF_70_PERCENT	WIDTH_OF_80_PERCENT	WIDTH_OF_90_PERCENT	WIDTH_OF_95_PERCENT	WIDTH_OF_99_PERCENT	LIBRARY	SAMPLE_NAME
25	25	1	19	132	25.042263	2.483421	1546	FR	1	1	1	3	3	3	5	9	13	23	149	NA	19-330-03007-GER2107007
25	25	1	19	60	25.314249	2.632811	818	FR	1	1	1	3	3	3	5	9	13	19	49	NA	22-024-02646-GER2213114
25	25	1	19	145	25.278808	2.56608	1844	FR	1	1	1	3	3	3	5	7	13	17	49	NA	20-346-03473-GER2107078
25	25	1	19	60	25.365933	2.407963	1247	FR	1	1	1	1	3	3	5	7	11	13	25	NA	18-323-04175-GER2213046
25	25	0	19	136	24.638589	1.08533	3380	FR	1	1	1	1	1	1	1	3	7	11	27	NA	20-211-03939-GER2107109
26	25	3	19	5506	27.444541	6.846515	1579	FR	1	3	3	3	7	13	47	103	163	245	439	NA	19-211-01298-GER2106850
25	25	1	19	156	25.235294	2.57552	2714	FR	1	1	1	3	3	3	5	7	11	17	49	NA	20-210-02166-GER2110235
25	25	1	19	61	25.387242	2.554155	1604	FR	1	1	1	3	3	3	5	7	13	17	47	NA	21-019-03709-GER2213081
88	25	33	19	5651	95.675379	54.371861	14519	FR	13	27	39	55	67	81	97	121	143	241	393	NA	20-107-01395-GER2106910
78	25	33	19	534	82.960604	46.730835	27018	FR	17	31	45	57	67	79	93	107	125	159	329	NA	20-358-02456-GER2110230
25	25	1	19	126	25.461157	2.813573	1258	FR	1	1	1	3	3	3	5	9	13	19	49	NA	19-340-01676-GER2110353
103	25	38	19	4427	113.5582	64.903308	138121	FR	15	29	43	59	77	93	111	129	171	289	491	NA	18-289-01058-GER2106729
84	25	32	19	670	90.62995	53.534046	28614	FR	13	25	39	53	65	81	97	119	135	223	409	NA	18-330-01741-GER2106698
25	25	1	19	239	25.211257	2.84612	1532	FR	1	1	1	3	3	5	9	13	49	133	259	NA	21-110-01022-GER2110430
97	54	35	19	6921	105.973813	55.606539	336257	FR	13	29	41	55	71	85	101	115	143	239	425	NA	20-196-03010-GER2107005
26	25	2	19	307	25.985759	3.943747	3955	FR	1	3	3	3	5	7	11	43	139	195	285	NA	19-350-01205-GER2110213
25	25	1	19	239	25.19174	2.651484	1517	FR	1	1	1	3	3	5	5	11	25	77	229	NA	20-170-03172-GER2110286
25	25	0	19	224	24.551172	1.206874	3221	FR	1	1	1	1	1	1	3	5	11	17	135	NA	21-146-02920-GER2106743
25	25	1	19	289	25.243261	2.564689	1709	FR	1	1	1	3	3	3	5	11	25	101	255	NA	21-078-03914-GER2106966
25	25	1	19	223	25.447684	2.443085	3234	FR	1	1	1	3	3	3	5	7	13	19	129	NA	19-247-03898-GER2107045
25	25	1	19	216	25.59122	2.738563	1090	FR	1	1	1	3	3	3	5	9	15	25	53	NA	20-216-03234-GER2107113
26	25	3	19	333	26.749722	6.407831	3491	FR	1	3	3	5	7	9	19	75	163	221	339	NA	19-112-02439-GER2106672
25	25	1	19	230	25.297312	2.297072	2038	FR	1	1	1	1	3	3	5	7	13	35	189	NA	19-037-00826-GER2106927
25	25	1	19	105	25.757982	2.772212	1646	FR	1	1	1	3	3	3	5	9	15	21	49	NA	21-032-01135-GER2110367
25	25	1	19	247	25.75569	2.861458	693	FR	1	1	1	3	3	5	7	9	15	21	73	NA	19-252-02775-GER2213104
25	25	1	19	80	25.52459	2.811132	1211	FR	1	1	1	3	3	3	5	9	13	19	49	NA	20-142-03295-GER2110561
25	25	1	19	237	25.502973	2.384753	2770	FR	1	1	1	1	3	3	5	9	19	85	239	NA	19-007-02875-GER2106680
27	25	4	19	382	30.192205	10.713897	3544	FR	3	5	5	5	9	19	59	119	179	219	403	NA	19-060-02588-GER2110394
94	95	29	19	836	96.498601	42.591038	73320	FR	11	23	35	47	59	73	87	103	119	139	299	NA	20-118-02107-GER2106981
25	25	1	19	239	25.430162	2.717336	3221	FR	1	1	1	3	3	5	5	11	17	49	207	NA	19-206-03890-GER2110199
25	25	1	19	285	25.599217	2.698806	3831	FR	1	1	1	3	3	3	5	9	15	27	183	NA	18-232-02535-GER2106936
67	25	42	19	578	86.475664	71.678051	3167	FR	27	47	65	81	85	85	95	135	213	327	549	NA	20-304-01149-GER2213092
109	25	42	19	7511	123.066462	74.295308	123906	FR	15	31	47	65	85	101	123	143	231	337	601	NA	20-125-01480-GER2106948
25	25	1	19	344	25.411003	2.6308	1963	FR	1	1	1	3	3	3	5	9	13	23	163	NA	19-148-02558-GER2106800
26	25	1	19	459	25.448071	2.556578	4722	FR	1	3	3	3	3	7	11	31	135	191	331	NA	19-163-01295-GER2106823
25	25	1	19	69	25.448011	2.631011	2295	FR	1	1	1	3	3	3	5	9	13	17	49	NA	19-210-02457-GER2110201
25	25	1	19	688	25.412379	2.724911	1559	FR	1	1	1	3	3	5	11	23	137	241	529	NA	20-244-00783-GER2110224
25	25	1	19	183	25.5871	2.63664	1899	FR	1	1	1	3	3	3	5	9	13	21	93	NA	20-232-02611-GER2106916
25	25	1	19	98	25.177269	2.652153	1214	FR	1	1	1	3	3	3	5	7	11	17	49	NA	19-221-04378-GER2106854
25	25	1	19	209	25.377082	2.371458	4238	FR	1	1	1	1	3	3	5	7	13	23	175	NA	19-128-04598-GER2106708
25	25	1	19	307	25.413766	2.55673	1455	FR	1	1	1	3	3	3	5	11	25	107	233	NA	18-303-02784-GER2110466
87	62	26	19	688	94.993458	48.24419	42917	FR	11	19	31	43	53	67	83	99	139	223	379	NA	20-364-01270-GER2110232
26	25	2	19	4488	26.401149	4.452164	2995	FR	1	3	3	3	5	13	43	105	179	239	445	NA	19-032-00964-GER2106937
25	25	1	19	229	25.407883000000002	2.494032	3445	FR	1	1	1	3	3	3	5	7	13	21	155	NA	19-242-02542-GER2107035
25	25	1	19	305	25.690486	2.754213	2827	FR	1	1	1	3	3	5	7	13	35	121	243	NA	18-267-03188-GER2110448
80	25	29	19	375	82.010286	39.616009	3112	FR	13	23	35	45	59	73	85	103	111	135	251	NA	20-324-03523-GER2106778
25	25	1	19	120	25.31435	2.614102	1848	FR	1	1	1	3	3	3	5	7	13	17	49	NA	21-117-02409-GER2106751
25	25	1	19	119	25.242891	2.59684	1753	FR	1	1	1	3	3	3	5	7	13	19	55	NA	18-225-02115-GER2106784
25	25	1	19	174	25.457501	2.576015	2209	FR	1	1	1	3	3	3	5	9	13	13	47	NA	18-248-02649-GER2110271
25	25	1	19	170	25.471671	2.406237	755	FR	1	1	1	1	3	3	5	7	17	27	175	NA	19-156-01963-GER2106810
72	25	35	19	830	77.499407	48.525058	7596	FR	17	33	45	59	71	89	95	97	119	165	347	NA	19-238-01576-GER2110165
93	25	38	19	759	101.65287	63.507819	11250	FR	13	29	45	61	77	95	115	137	183	273	457	NA	19-246-01242-GER2110176
25	25	1	19	135	25.863847	2.783505	3535	FR	1	1	1	1	3	3	5	9	13	17	33	NA	21-004-01750-GER2107083
26.5	25	2.5	19	205	28.389873	6.327757	526	FR	1	3	3	3	5	15	27	83	141	185	269	NA	21-033-00942-GER2107029
92	94	29	19	598	96.555422	47.360877	34914	FR	9	21	35	47	59	73	87	105	133	173	355	NA	18-234-02359-GER2213136
26	25	1	19	293	25.902077	2.86489	7673	FR	1	3	3	3	3	5	5	7	13	17	151	NA	19-240-02016-GER2107022
26	25	2	19	505	26.409019	4.300917	2615	FR	1	3	3	3	5	9	23	105	191	253	507	NA	19-273-02470-GER2106817
25	25	1	19	160	25.516667	2.440895	519	FR	1	1	1	1	3	3	5	7	17	27	111	NA	19-161-03236-GER2106824
25	25	1	19	140	25.262355	2.680066	1485	FR	1	1	1	3	3	3	5	9	17	37	189	NA	21-064-02566-GER2110431
83	25	33	19	746	90.819428	54.898405	45847	FR	15	27	41	55	67	81	95	117	143	239	433	NA	18-313-01850-GER2106718
80	25	35	19	547	88.143137	52.088907	15337	FR	17	29	41	55	71	83	107	115	147	199	373	NA	19-126-03948-GER2106877
25	25	1	19	174	25.15614	2.30589	1209	FR	1	1	1	1	3	3	5	7	13	31	213	NA	21-035-02392-GER2110374
62	25	37	19	766	78.544514	62.305099	42900	FR	21	43	65	75	75	75	83	123	187	295	491	NA	20-042-00967-GER2106955
83	25	37	19	657	90.234985	54.206953	13308	FR	17	29	45	59	75	89	113	117	145	199	371	NA	18-239-01669-GER2213139
25	25	1	19	184	25.404255	2.622676	1650	FR	1	1	1	1	3	3	5	7	13	17	49	NA	19-233-02066-GER2110167
30	25	8	19	310	42.88927	25.923041	2675	FR	9	11	11	13	17	35	79	127	189	229	303	NA	19-252-01903-GER2106876
25	25	1	19	284	25.846632	2.689132	4330	FR	1	1	1	3	3	3	5	9	13	17	49	NA	19-134-02009-GER2106684
25	25	0	19	61	24.528149	1.300695	2613	FR	1	1	1	1	1	1	3	3	9	13	25	NA	22-139-03508-GER2213124
25	25	1	19	301	25.28578	2.488598	2544	FR	1	1	1	3	3	5	7	13	67	157	301	NA	19-109-01963-GER2106768
27	25	2	19	247	27.846552	5.338837	781	FR	3	5	5	5	5	13	25	79	147	203	279	NA	20-275-03559-GER2106968
40	25	16	19	603	62.030472	45.215678	7856	FR	19	29	31	31	33	43	97	149	191	235	377	NA	20-266-01714-GER2110418
25	25	1	19	132	25.264865	3.174829	577	FR	1	1	3	3	3	5	7	9	13	19	159	NA	18-303-04730-GER2110467
25	25	1	19	60	25.260677	2.276036	1388	FR	1	1	1	1	3	3	3	5	11	13	31	NA	21-348-00885-GER2213066
26	25	2	19	288	26.58381	4.278549	2767	FR	1	3	3	3	5	9	17	81	167	201	267	NA	19-238-02253-GER2110164
25	25	1	19	53	25.454273	2.600922	685	FR	1	1	1	3	3	3	5	7	13	17	31	NA	18-288-04366-GER2213039
25	25	1	19	127	25.294845	2.833841	520	FR	1	1	3	3	3	5	5	11	15	27	139	NA	20-322-02186-GER2213094
25	25	1	19	53	25.477333	2.802611	778	FR	1	1	1	3	3	3	5	9	13	17	49	NA	22-112-02053-GER2213087
25	25	1	19	101	25.758827	2.90433	1545	FR	1	1	1	3	3	3	5	9	13	17	47	NA	20-262-05120-GER2110424
26	25	3	19	331	27.672464	6.952586	1456	FR	1	3	3	5	7	15	53	125	187	227	427	NA	20-014-02667-GER2110510
25	25	0	19	174	24.622267	1.100822	4263	FR	1	1	1	1	1	1	3	3	9	13	49	NA	20-118-02956-GER2106977
26	25	1	19	168	25.683924	2.822703	2024	FR	1	1	3	3	3	5	7	11	17	49	171	NA	20-174-04021-GER2110295
90	94	31	19	540	96.350928	49.053194	37746	FR	13	25	39	51	63	75	93	107	131	183	355	NA	20-076-02136-GER2107061
25	25	1	19	244	25.296403	2.595658	2320	FR	1	1	1	3	3	5	7	11	23	73	199	NA	20-308-02379-GER2110290
27	25	3	19	253	28.837004	8.220492	1286	FR	3	5	5	5	7	21	61	107	163	207	277	NA	19-337-05127-GER2107002
31	25	8	19	513	41.129615	25.374489	6388	FR	11	11	13	13	17	37	93	153	207	237	381	NA	20-247-04788-GER2110227
95	25	35	19	880	101.993155	57.669932	17858	FR	13	27	43	55	71	87	109	131	149	251	425	NA	19-316-01627-GER2106986
92	25	37	19	675	102.775283	63.657976	22313	FR	15	31	45	61	75	91	109	133	171	287	479	NA	18-239-01105-GER2110259
89	25	41	19	710	98.244567	67.196995	21816	FR	15	33	47	65	83	103	127	129	171	297	521	NA	18-264-01768-GER2106742
25	25	1	19	127	25.286963	2.623401	2628	FR	1	1	1	3	3	3	5	9	13	19	55	NA	19-014-05171-GER2110474
25	25	1	19	116	25.242334	2.501015	1048	FR	1	1	1	1	3	3	5	7	11	17	53	NA	21-061-00001-GER2110330
25	25	1	19	151	25.676942	2.609452	2516	FR	1	1	1	1	3	3	5	9	13	17	61	NA	20-177-01875-GER2110324
25	25	1	19	58	25.402862	2.242352	1853	FR	1	1	1	1	3	3	3	5	9	13	29	NA	21-291-01963-GER2213056
25	25	1	19	336	25.191988	2.583536	2971	FR	1	1	1	3	3	3	5	11	25	87	199	NA	21-026-03205-GER2106964
25	25	1	19	126	25.3594	2.512119	1922	FR	1	1	1	3	3	3	5	7	11	17	49	NA	20-255-02227-GER2107102
25	25	1	19	238	25.513867	2.242825	1418	FR	1	1	1	1	3	3	5	9	17	61	209	NA	18-257-01695-GER2110463
91	25	34	19	719	99.501338	57.388735	22080	FR	13	27	43	57	69	83	101	125	155	247	429	NA	19-182-03374-GER2110208
25	25	1	19	292	25.259721	2.508092	2741	FR	1	1	1	3	3	3	5	7	11	17	67	NA	18-345-01071-GER2110483
26	25	3	19	405	27.47023	6.952673	3171	FR	1	3	3	5	7	13	47	111	183	223	363	NA	20-071-02231-GER2107066
25	25	1	19	157	25.219409	2.506266	746	FR	1	1	1	3	3	3	5	7	13	19	163	NA	20-342-01861-GER2213086
25	25	1	19	254	25.223348	2.5156	2822	FR	1	1	1	3	3	3	5	9	13	25	167	NA	18-257-00981-GER2106741
25	25	1	19	139	25.302167	2.649559	1672	FR	1	1	1	1	3	3	5	7	13	17	49	NA	18-316-02771-GER2110425
95	95	32	6	3297	104.940171	55.506332	291677	FR	11	25	37	51	65	79	95	113	157	257	419	NA	20-094-01960-GER2106970
25	25	1	19	114	25.353456	2.481314	1176	FR	1	1	1	1	3	3	5	7	13	17	31	NA	19-217-05353-GER2110187
25	25	1	19	126	25.336431	2.406336	2784	FR	1	1	1	1	3	3	5	7	13	17	49	NA	19-176-01762-GER2110210
75	25	35	19	428	85.249562	52.750551	21695	FR	15	31	43	57	71	89	101	109	161	217	341	NA	20-303-01173-GER2110312
25	25	1	19	135	25.353741	2.39944	1221	FR	1	1	1	1	3	3	3	7	11	17	51	NA	19-352-02665-GER2107070
25	25	1	19	115	25.371994	2.630456	1948	FR	1	1	1	3	3	3	5	9	13	19	49	NA	20-223-02323-GER2110178
29	25	6	19	410	34.900654	17.336226	4267	FR	5	7	9	9	13	23	71	133	187	225	315	NA	19-197-02889-GER2110197
25	25	1	19	144	25.692547	2.738	2351	FR	1	1	1	3	3	3	5	9	13	19	57	NA	20-363-00805-GER2107088
25	25	1	19	153	25.389548	2.482228	2359	FR	1	1	1	1	3	3	5	7	13	17	49	NA	18-239-00978-GER2106905
95	94	33	5	718	104.702932	54.723827	109274	FR	13	27	39	53	67	81	97	113	147	251	405	NA	20-099-02749-GER2106886
25	25	1	19	173	25.490806	2.774043	2235	FR	1	1	1	3	3	3	5	9	13	23	63	NA	19-071-04015-GER2110278
25	25	1	19	183	25.761459	2.706622	3306	FR	1	1	1	3	3	3	5	9	13	17	41	NA	20-223-05851-GER2107052
83	25	29	19	518	85.857589	41.420389	33614	FR	11	23	33	47	59	73	85	97	117	137	285	NA	19-255-02991-GER2110300
25	25	1	19	268	25.424268	2.641299	1347	FR	1	1	1	3	3	5	7	11	25	91	227	NA	19-148-01286-GER2106798
25	25	1	19	164	25.563578	2.892211	1003	FR	1	1	1	3	3	5	7	11	17	27	143	NA	20-181-02556-GER2107074
25	25	1	19	154	25.194346	2.520227	579	FR	1	1	1	3	3	3	5	7	11	15	43	NA	18-311-02401-GER2213045
25	25	1	19	121	25.305276	2.620045	1652	FR	1	1	1	3	3	3	5	7	13	17	47	NA	19-126-01052-GER2106957
25	25	1	19	176	25.523157	2.822932	1624	FR	1	1	1	3	3	3	5	9	15	25	143	NA	20-104-02269-GER2106889
29	25	6	19	369	35.298932	18.18702	4821	FR	7	9	9	9	13	37	89	141	197	237	285	NA	20-126-03076-GER2106944
25	25	1	19	241	25.512251	2.91834	1451	FR	1	1	1	3	3	5	7	11	21	55	199	NA	21-048-04823-GER2110191
95	95	31	19	787	104.108026	53.820721	55762	FR	13	25	37	49	63	77	93	113	147	245	439	NA	18-274-02240-GER2213143
25	25	1	19	248	25.052711	2.888359	761	FR	1	1	1	3	3	5	9	11	49	165	289	NA	21-085-04441-GER2213110
25	25	1	19	163	25.365373	2.411453	3583	FR	1	1	1	3	3	3	5	9	13	29	165	NA	19-343-01324-GER2110348
25	25	1	19	156	25.546023	2.735889	1818	FR	1	1	1	3	3	3	5	9	13	17	51	NA	20-036-01568-GER2110331
25	25	1	19	252	25.55969	2.604075	2094	FR	1	1	1	3	3	3	5	9	17	35	179	NA	21-196-02623-GER2110518
25	25	1	19	303	25.405746	2.505906	2118	FR	1	1	1	3	3	3	5	9	13	25	155	NA	19-120-01665-GER2106782
25	25	1	19	96	25.525479	2.322074	3429	FR	1	1	1	1	3	3	3	5	11	13	21	NA	18-234-01139-GER2106885
25	25	1	19	180	25.363032	2.740895	780	FR	1	1	1	3	3	3	5	9	13	17	49	NA	19-273-00800-GER2213130
25	25	1	19	194	25.086809	2.531141	927	FR	1	1	1	3	3	3	5	7	13	19	49	NA	22-140-01650-GER2213125
25	25	1	19	230	25.365314	2.358507	2621	FR	1	1	1	1	3	3	5	9	13	37	173	NA	19-043-03327-GER2106677
93	94	32	19	668	99.98142	51.450112	51183	FR	13	25	39	51	65	79	95	111	137	215	379	NA	20-090-01382-GER2107054
25	25	1	19	292	25.515426	2.683753	2031	FR	1	1	1	3	3	3	5	9	17	47	193	NA	18-340-02846-GER2110490
25	25	1	19	219	25.290028	2.672485	1854	FR	1	1	1	3	3	3	5	9	13	25	175	NA	19-086-01814-GER2106924
25	25	0	19	154	24.474093	1.311528	611	FR	1	1	1	1	1	3	5	9	17	35	191	NA	20-132-02334-GER2106947
25	25	1	19	126	25.391506	2.618521	1355	FR	1	1	1	1	3	3	5	9	13	21	61	NA	19-029-03643-GER2110505
39	25	15	19	283	57.939626	39.3015	4508	FR	17	27	29	29	31	43	87	121	163	201	333	NA	18-281-01021-GER2106732
25	25	1	19	104	25.220288	2.645696	2080	FR	1	1	1	3	3	3	5	7	13	17	49	NA	18-285-01866-GER2106727
25	25	1	19	228	25.338228	2.556443	2166	FR	1	1	1	3	3	3	5	9	13	25	159	NA	19-294-03132-GER2110347
25	25	1	19	281	25.511662	2.974197	762	FR	1	1	1	3	3	5	7	11	21	49	219	NA	20-216-02037-GER2107110
25	25	1	19	272	25.325929	2.637873	3006	FR	1	1	1	3	3	5	9	17	77	143	237	NA	19-063-02618-GER2110396
94	95	31	19	721	99.304354	49.131641	34545	FR	11	23	37	51	63	79	93	111	137	179	361	NA	18-267-01305-GER2213029
25	25	0	19	166	24.570248	1.174027	554	FR	1	1	1	1	1	3	5	9	19	57	175	NA	20-323-02510-GER2106819
25	25	1	19	88	25.907249	2.773192	1942	FR	1	1	1	3	3	3	5	9	13	17	37	NA	19-232-04788-GER2107032
92	95	30	19	5968	97.882381	47.56549	104265	FR	13	25	37	49	61	75	89	105	123	175	349	NA	19-169-02624-GER2106831
25	25	1	19	175	25.384934	2.83021	1493	FR	1	1	1	3	3	5	5	9	13	17	49	NA	21-113-03030-GER2106750
25	25	1	19	126	25.366232	2.750668	1277	FR	1	1	1	3	3	3	5	9	13	19	59	NA	19-268-01264-GER2106820
26	25	1	19	274	25.742406	3.01444	977	FR	1	3	3	3	3	7	9	15	69	157	245	NA	20-188-03485-GER2110226
82	25	36	19	661	91.306592	60.386419	13382	FR	17	29	45	59	73	91	113	115	161	259	481	NA	18-351-01558-GER2106704
30	25	7	19	573	38.524893	21.333866	27085	FR	7	9	9	11	15	35	79	139	195	259	469	NA	19-162-01349-GER2106822
26	25	3	19	566	27.29414	6.145618	3695	FR	1	3	3	3	7	13	57	137	223	295	595	NA	20-006-01837-GER2110543
25	25	1	19	149	25.367985	2.808124	1614	FR	1	1	1	3	3	3	5	9	13	17	41	NA	21-055-03380-GER2110365
25	25	1	19	127	25.567416	2.944007	1853	FR	1	1	1	3	3	3	5	9	15	19	51	NA	21-071-03752-GER2106761
93	25	32	19	4413	96.967998	48.437299	66702	FR	11	25	37	51	65	79	95	109	135	163	347	NA	18-288-05059-GER2110451
93	25	40	19	563	105.935322	72.00413	8162	FR	17	35	49	65	81	101	127	137	239	325	527	NA	21-020-04087-GER2107031
25	25	1	19	194	25.439099	2.595168	2025	FR	1	1	1	3	3	3	5	7	13	17	49	NA	19-182-03546-GER2110207
25	25	1	19	194	25.400359	2.728743	1158	FR	1	1	1	3	3	3	5	9	13	19	59	NA	20-122-00922-GER2106875
25	25	1	19	203	25.722597	2.864688	2609	FR	1	1	1	3	3	3	7	13	19	55	251	NA	20-118-02570-GER2106980
25	25	0	19	315	24.457851	1.356963	900	FR	1	1	1	1	1	3	3	7	17	29	167	NA	20-276-01818-GER2110541
26	25	3	19	308	27.612871	7.104096	2675	FR	1	3	3	3	7	11	31	89	163	223	383	NA	21-053-02264-GER2213099
25	25	1	19	162	25.431803	2.552866	1502	FR	1	1	1	3	3	3	5	7	13	17	49	NA	20-265-00776-GER2110405
89	25	30	19	2366	89.466448	39.902957	46307	FR	11	23	35	49	61	73	87	103	125	133	215	NA	18-274-02862-GER2110455
25	25	1	19	149	25.693091	2.877975	1436	FR	1	1	1	3	3	3	5	9	13	21	49	NA	18-316-01478-GER2110415
25	25	1	19	266	25.281238	2.431399	2965	FR	1	1	1	3	3	5	5	11	37	131	219	NA	19-316-03308-GER2110239
25	25	1	19	150	25.374525	2.515233	2697	FR	1	1	1	1	3	3	5	7	13	15	29	NA	20-359-01272-GER2110229
25	25	1	19	96	25.406191	2.777212	1663	FR	1	1	1	3	3	3	5	9	13	21	53	NA	19-233-02695-GER2110182
93	25	31	19	740	102.09611	55.134681	32562	FR	11	25	37	49	63	77	95	113	151	255	447	NA	18-281-02574-GER2213033
25	25	1	19	241	26.197353	2.875996	11664	FR	1	1	1	3	3	3	5	9	13	19	29	NA	20-188-02956-GER2107107
26	25	2	19	551	26.932549	4.141008	9470	FR	1	3	3	3	5	11	13	59	177	235	419	NA	20-349-02578-GER2107076
44	25	19	19	299	61.645202	41.126467	3932	FR	15	29	37	39	39	47	81	119	163	195	237	NA	18-253-01615-GER2110273
26	25	2	19	359	26.200792	4.326889	2251	FR	1	3	3	3	5	7	13	47	141	209	391	NA	20-153-05250-GER2110335
61	25	36	19	625	78.719414	63.611741	12656	FR	17	35	55	71	73	73	83	121	191	305	545	NA	19-149-02741-GER2110379
25	25	1	19	171	25.030985	2.622034	3534	FR	1	1	1	3	3	5	5	7	13	17	53	NA	19-163-02665-GER2106826
25	25	1	19	129	24.906984	2.534095	3399	FR	1	1	1	3	3	5	5	5	11	15	47	NA	19-233-02652-GER2107049
25	25	1	19	145	25.519147	2.644026	1894	FR	1	1	1	3	3	3	5	9	13	17	51	NA	19-294-01753-GER2110340
25	25	1	19	94	25.275306	2.216363	2907	FR	1	1	1	1	3	3	3	5	9	13	29	NA	19-165-02423-GER2106829
81	25	36	19	660	89.074091	52.751504	24245	FR	15	33	49	63	73	87	105	113	143	197	363	NA	19-028-02520-GER2110501
25	25	1	19	221	25.164148	2.443036	2629	FR	1	1	1	3	3	3	5	9	19	69	207	NA	20-302-04882-GER2106988
38	25	14	19	409	53.010457	34.602786	6984	FR	15	25	25	27	29	39	65	103	151	207	377	NA	21-011-00959-GER2110422
65	25	39	19	519	80.807561	64.561618	6458	FR	19	41	57	75	79	81	85	115	201	293	503	NA	21-011-00915-GER2213108
87	25	32	19	773	91.36697	50.351304	27751	FR	13	25	39	51	65	79	95	121	131	187	353	NA	21-012-00927-GER2106764
26	25	2	19	265	26.283264	4.511419	2517	FR	1	3	3	3	5	7	15	65	139	205	287	NA	19-280-01342-GER2110264
25	25	1	19	253	25.507943	2.712617	2557	FR	1	1	1	3	3	3	7	11	19	75	229	NA	20-013-04226-GER2110511
25	25	1	19	138	25.478723	2.656966	815	FR	1	1	1	3	3	3	5	9	17	27	151	NA	21-063-02905-GER2110363
25	25	1	19	165	25.281544	2.522438	1135	FR	1	1	1	3	3	3	5	9	13	39	175	NA	19-144-03573-GER2110263
25	25	1	19	231	25.320303	2.769059	1680	FR	1	1	1	3	3	3	5	9	13	25	67	NA	21-025-06760-GER2110236
25	25	1	19	53	25.542553	2.705466	1536	FR	1	1	1	3	3	3	5	7	13	17	31	NA	21-203-01116-GER2110516
97	95	33	18	786	106.513831	56.776745	95841	FR	13	27	39	53	67	83	101	117	153	261	413	NA	20-127-02045-GER2106868
25	25	1	19	58	25.312422	2.584066	819	FR	1	1	1	3	3	3	5	7	11	17	27	NA	21-284-05296-GER2213023
25	25	1	19	112	25.47973	2.710295	936	FR	1	1	1	3	3	3	5	9	13	23	49	NA	19-284-03132-GER2107019
25	25	1	19	144	25.475901	2.377641	4372	FR	1	1	1	1	3	3	5	5	11	13	47	NA	19-108-01251-GER2106771
95	95	30	14	757	101.706604	48.9516	211055	FR	11	25	37	49	61	75	91	107	127	193	369	NA	19-155-01353-GER2106811
25	25	1	19	398	25.450393	2.667405	2870	FR	1	1	1	3	3	3	5	9	17	39	213	NA	19-191-00878-GER2110163
25	25	1	19	151	24.966102	2.554865	880	FR	1	1	1	3	3	3	5	9	13	25	121	NA	19-247-00943-GER2107036
95	25	37	19	842	101.236984	57.048341	48980	FR	15	29	45	59	75	89	107	121	145	231	415	NA	18-365-01350-GER2106714
25	25	1	19	94	25.416667	2.89967	1028	FR	1	1	1	3	3	5	5	9	17	23	49	NA	18-365-02699-GER2106679
107	95	42	19	6688	128.102268	81.611347	128973	FR	17	31	47	65	85	103	125	151	267	397	707	NA	20-132-01010-GER2110321
25	25	1	19	87	25.431769	2.475575	1413	FR	1	1	1	1	3	3	3	7	11	13	29	NA	18-290-01748-GER2213041
26	25	2	19	364	26.060664	4.427373	1345	FR	1	3	3	3	5	9	15	49	139	187	361	NA	19-218-03476-GER2106859
25	25	1	19	242	25.624185	2.865369	3492	FR	1	1	1	3	3	3	5	9	13	17	49	NA	20-085-01649-GER2110328
25	25	1	19	184	25.226877000000002	2.751853	1340	FR	1	1	1	3	3	3	5	9	13	25	133	NA	19-324-02830-GER2110244
78	25	33	19	6699	88.840714	56.816596	4780	FR	15	27	39	53	67	79	101	107	163	269	463	NA	19-070-04051-GER2106865
93	25	32	19	4098	98.893681	53.213907	87486	FR	13	27	41	53	65	79	97	113	137	223	391	NA	19-141-01083-GER2106862
25	25	1	19	134	25.337963	2.735203	1583	FR	1	1	1	3	3	3	5	9	13	21	67	NA	21-047-02964-GER2107053
25	25	1	19	257	25.490277	2.511729	2528	FR	1	1	1	1	3	3	3	7	13	19	141	NA	20-119-02530-GER2106909
25	25	1	19	61	25.235921	2.447136	1360	FR	1	1	1	1	3	3	5	7	11	17	49	NA	21-348-03900-GER2213065
25	25	1	19	351	25.745458	2.57402	6093	FR	1	1	1	1	3	3	5	9	13	19	127	NA	19-028-01560-GER2106670
25	25	1	19	128	25.229492	2.558071	5278	FR	1	1	1	3	3	3	5	7	13	17	49	NA	20-329-02429-GER2110555
25	25	1	19	130	25.448229	2.688344	776	FR	1	1	1	3	3	3	5	9	15	25	49	NA	20-224-02387-GER2110292
25	25	1	19	149	25.260724	2.395392	2133	FR	1	1	1	1	3	3	5	7	11	13	25	NA	18-292-01988-GER2106725
91	25	32	19	1954	98.613586	52.94327	88214	FR	13	25	39	51	65	77	95	111	137	227	417	NA	18-267-01385-GER2106736
25	25	0	19	159	24.650909	0.978766	446	FR	1	1	1	1	1	3	5	9	29	73	195	NA	20-198-02689-GER2110289
26	25	2	19	377	26.279745	4.007769	4605	FR	1	3	3	3	5	7	15	83	159	209	297	NA	18-234-04647-GER2110254
25	25	1	19	333	25.297248	2.573016	2913	FR	1	1	1	3	3	3	5	9	13	23	171	NA	21-020-04467-GER2107030
93	25	31	19	438	94.680236	44.585385	22535	FR	11	25	37	51	63	77	93	109	135	143	293	NA	20-147-03067-GER2106699
25	25	1	19	166	25.164736	2.469892	2094	FR	1	1	1	3	3	3	5	7	13	25	171	NA	20-132-04822-GER2106942
25	25	0	19	457	24.638765	1.091022	3901	FR	1	1	1	1	1	1	3	5	17	77	243	NA	20-125-02531-GER2106890
25	25	1	19	171	25.15664	2.631307	1857	FR	1	1	1	3	3	3	5	9	13	23	135	NA	19-225-02434-GER2107025
25	25	1	19	134	25.416357	2.714213	1129	FR	1	1	1	3	3	3	5	9	13	21	49	NA	20-027-04627-GER2110548
89	62	29	19	761	100.840594	57.089585	55392	FR	11	21	35	47	59	73	91	111	183	279	463	NA	21-005-00805-GER2110231
25	25	0	19	270	24.647059	1.102402	954	FR	1	1	1	1	1	3	7	37	139	191	317	NA	19-212-02200-GER2106853
95	25	34	19	2615	100.095803	53.618827	15694	FR	13	27	41	53	69	85	105	121	143	193	385	NA	20-282-03813-GER2213096
25	25	1	19	81	25.202673	2.453832	2764	FR	1	1	1	3	3	3	5	7	11	13	47	NA	19-196-01425-GER2110183
25	25	1	19	132	25.456887	2.554608	1960	FR	1	1	1	1	3	3	5	7	13	17	49	NA	20-301-01691-GER2110369
25	25	1	19	198	25.360619	2.998233	483	FR	1	1	1	3	3	5	7	11	17	25	67	NA	20-293-02575-GER2110407
25	25	1	19	231	25.327972	2.713708	1838	FR	1	1	1	3	3	3	5	9	13	25	83	NA	21-022-04207-GER2106965
25	25	1	19	414	25.306494	2.468783	1329	FR	1	1	1	3	3	3	7	11	53	177	425	NA	18-281-01512-GER2213032
86	111	32	19	760	93.357123	54.287797	87787	FR	13	27	39	53	65	77	91	109	141	247	417	NA	19-141-04899-GER2106892
27	27	2	19	498	26.328752	3.944678	11108	FR	1	3	3	5	5	7	13	23	129	199	385	NA	19-184-02263-GER2106838
25	25	1	19	278	25.425113	2.462906	2274	FR	1	1	1	3	3	3	5	11	49	125	253	NA	20-160-00858-GER2106841
25	25	1	19	237	25.378351	2.652597	1020	FR	1	1	1	3	3	3	5	9	13	21	55	NA	20-136-03932-GER2110256
25	25	1	19	237	25.447266	2.615416	2271	FR	1	1	1	3	3	3	5	11	21	91	221	NA	18-288-01517-GER2106720
25	25	1	19	198	25.809076	2.807119	2125	FR	1	1	1	3	3	5	9	13	51	97	127	NA	19-280-02056-GER2110171
84	25	28	19	686	89.744092	48.217451	7718	FR	13	23	33	45	57	71	87	105	127	187	391	NA	18-260-02221-GER2213027
93	25	32	19	552	98.53867	51.510549	44680	FR	13	25	39	51	65	79	97	113	139	201	371	NA	21-013-01065-GER2106763
25	25	1	19	206	25.478351	2.803515	1054	FR	1	1	1	3	3	5	5	11	17	41	171	NA	20-083-02624-GER2107057
26	25	2	19	294	26.075909	4.131863	2433	FR	1	3	3	3	5	7	13	57	155	201	331	NA	18-295-01096-GER2110456
25	25	1	19	155	25.401042	2.432062	1815	FR	1	1	1	3	3	3	5	7	13	21	97	NA	19-309-04087-GER2110361
90	25	32	19	604	92.52844	48.871187	21687	FR	13	25	39	53	65	81	99	119	131	157	321	NA	20-098-00628-GER2106967
25	25	1	19	155	25.397999	2.635751	1862	FR	1	1	1	3	3	3	5	7	13	17	49	NA	18-355-03108-GER2106683
25	25	1	19	103	25.295508	2.860112	443	FR	1	1	3	3	3	5	5	9	13	19	49	NA	20-346-04187-GER2213142
102	151	34	8	5901	107.443101	51.257891	549529	FR	15	29	41	55	69	85	99	115	133	181	375	NA	20-013-01169-GER2110512
87	25	29	19	529	90.976757	45.485177	14680	FR	11	21	33	47	59	73	89	103	127	159	315	NA	18-248-03114-GER2213103
25	25	1	19	176	25.274924	2.634719	1374	FR	1	1	1	3	3	3	5	7	13	19	49	NA	19-343-01619-GER2110337
26	25	2	19	375	26.489717	4.234488	3257	FR	1	3	3	3	5	7	13	49	163	217	361	NA	19-134-01174-GER2106685
25	25	1	19	57	25.44888	2.734172	1049	FR	1	1	1	3	3	3	5	7	13	17	33	NA	21-336-01867-GER2213061
25	25	1	19	125	25.569734	2.724426	2858	FR	1	1	1	3	3	3	5	9	13	17	43	NA	19-336-01603-GER2110338
51	25	26	19	678	69.971179	53.352054	20054	FR	25	41	51	53	53	57	87	125	185	257	431	NA	19-226-01779-GER2110168
25	25	1	19	153	25.277977	2.190342	2550	FR	1	1	1	1	3	3	3	5	9	13	39	NA	20-315-02994-GER2110380
93	49	35	19	525	95.479594	46.637594	41538	FR	17	29	43	59	71	85	95	109	135	155	285	NA	19-175-03316-GER2110378
25	25	1	19	296	25.38835	2.661006	1867	FR	1	1	1	3	3	5	9	15	89	167	255	NA	20-062-01127-GER2110546
95	25	39	19	851	104.115834	64.187641	10618	FR	15	31	47	63	79	97	113	137	159	269	481	NA	19-018-03977-GER2106790
25	25	1	19	207	25.548373	2.674842	2516	FR	1	1	1	3	3	3	5	9	13	25	161	NA	20-125-02991-GER2106863
26	25	2	19	280	25.780206	4.144716	2033	FR	1	3	3	3	5	9	15	63	157	225	385	NA	19-091-02300-GER2110275
25	25	1	19	149	25.361702	2.769059	1095	FR	1	1	1	3	3	5	5	9	13	25	133	NA	19-336-04715-GER2107003
25	25	1	19	299	25.35	2.510611	3228	FR	1	1	1	3	3	3	7	13	71	141	215	NA	19-042-02070-GER2110503
85	25	31	19	2099	89.570542	48.706686	15167	FR	11	23	35	49	63	75	91	115	131	175	367	NA	18-274-01528-GER2110452
25	25	1	19	235	25.63105	2.871556	1149	FR	1	1	1	3	3	5	7	9	13	21	49	NA	19-296-03422-GER2107010
25	25	1	19	107	25.223382	2.582163	1990	FR	1	1	1	3	3	3	5	7	13	17	49	NA	19-274-03336-GER2110385
25	25	1	19	122	25.369188	2.74839	1859	FR	1	1	1	3	3	3	5	9	13	19	57	NA	20-010-02751-GER2110489
53	25	28	19	810	77.357065	65.363381	10276	FR	27	49	55	57	57	65	105	159	247	373	641	NA	18-302-03221-GER2106719
29	25	8	19	411	40.112727	24.867862	2075	FR	7	9	9	11	17	47	107	165	233	297	457	NA	20-276-05671-GER2213144
25	25	1	19	223	25.116883	2.665757	781	FR	1	1	1	3	3	5	7	11	25	89	219	NA	21-110-03786-GER2106754
26	25	2	19	285	26.360868	4.435592	5862	FR	1	3	3	3	5	7	15	55	139	187	261	NA	19-357-01543-GER2110537
28	25	5	19	273	32.491841	13.589202	549	FR	5	7	7	7	11	19	55	111	163	207	309	NA	19-325-01493-GER2110243
25	25	1	19	140	25.472727	2.497347	1135	FR	1	1	1	3	3	3	5	7	13	17	51	NA	18-281-02956-GER2213038
25	25	1	19	61	25.189957	2.658335	2192	FR	1	1	1	3	3	3	5	9	13	17	49	NA	20-345-02661-GER2110554
25	25	1	19	284	25.488028	2.283905	3631	FR	1	1	1	1	3	3	5	7	13	57	193	NA	19-049-02965-GER2110250
25	25	0	19	256	24.858737	0.688076	7801	FR	1	1	1	1	1	1	1	1	5	13	179	NA	20-070-01842-GER2107065
91	25	38	19	695	97.137271	57.671386	17250	FR	17	35	49	63	77	97	113	133	147	203	415	NA	20-035-01358-GER2110486
53	25	28	19	361	66.521731	46.948611	5316	FR	21	39	53	57	57	59	75	111	153	195	337	NA	18-260-01675-GER2106739
25	25	1	19	252	25.148882	2.620495	2033	FR	1	1	1	3	3	3	5	7	11	17	49	NA	20-237-04564-GER2110216
25	25	1	19	158	25.20971	2.319091	3556	FR	1	1	1	3	3	3	3	5	11	17	87	NA	21-174-02353-GER2110507
25	25	1	19	58	25.322154	2.697513	1021	FR	1	1	1	3	3	3	5	9	13	19	29	NA	22-080-03817-GER2213016
25	25	1	19	60	25.326383	2.617216	1122	FR	1	1	1	1	3	3	5	7	11	15	25	NA	18-331-05030-GER2213047
25	25	1	19	52	25.344249	2.659858	1289	FR	1	1	1	3	3	3	5	7	13	17	31	NA	21-098-04399-GER2213119
25	25	1	19	93	25.447124	2.798475	1126	FR	1	1	1	3	3	3	5	9	13	21	47	NA	19-316-04413-GER2110238
25	25	1	19	196	25.112325	2.274686	3010	FR	1	1	1	3	3	3	3	5	11	13	49	NA	19-189-02834-GER2106848
26	25	1	18	411	26.055588	2.90722	3752	FR	1	3	3	3	3	5	7	11	17	79	239	NA	20-027-04124-GER2106983
101	95	34	8	674	109.295192	56.37772	103799	FR	15	27	39	55	69	85	101	119	151	249	401	NA	20-111-01583-GER2106940
25	25	1	19	54	25.036907	2.621762	590	FR	1	1	1	1	3	3	5	7	13	17	41	NA	20-276-00015-GER2213107
25	25	1	19	139	25.521528	2.899202	1499	FR	1	1	1	3	3	3	5	9	13	19	41	NA	19-224-02102-GER2110194
97	25	43	19	843	111.163273	73.649199	12987	FR	15	33	51	69	87	109	131	145	223	319	563	NA	19-336-01108-GER2107006
25	25	1	19	299	25.414021	2.652225	1752	FR	1	1	1	3	3	5	7	13	77	161	263	NA	19-196-01514-GER2110184
25	25	1	19	117	25.251686	2.591615	2469	FR	1	1	1	3	3	3	5	7	13	19	49	NA	19-266-02648-GER2106814
26	25	2	19	344	26.112198	3.965839	2492	FR	1	3	3	3	5	7	13	55	155	223	375	NA	21-033-01831-GER2107027
88	95	30	19	802	92.844937	44.684007	45160	FR	13	23	37	49	61	73	89	101	127	159	309	NA	18-316-02988-GER2110416
25	25	1	19	149	25.147775	2.453944	1242	FR	1	1	1	3	3	3	5	7	11	17	71	NA	19-346-04162-GER2107093
58	25	33	19	543	75.805116	58.496992	3288	FR	23	41	57	65	67	69	81	125	193	293	407	NA	19-350-01148-GER2110214
25	25	1	19	170	25.147746	2.692365	1272	FR	1	1	1	3	3	3	5	9	13	25	73	NA	20-015-01760-GER2107015
26	25	3	19	420	28.19547	6.780733	12856	FR	1	3	3	3	7	11	31	103	171	219	283	NA	19-091-01018-GER2106923
25	25	1	19	79	25.518875	2.761007	1415	FR	1	1	1	3	3	3	5	9	13	21	49	NA	20-255-01618-GER2110221
26	25	1	16	60	25.847176	3.116744	3045	FR	1	3	3	3	3	5	7	9	13	15	23	NA	21-254-01678-GER2213020
25	25	0	19	370	24.739784	0.929326	2797	FR	1	1	1	1	1	1	3	7	67	155	271	NA	21-056-03771-GER2107040
73	25	47	19	719	91.226115	72.161936	5661	FR	21	39	57	77	95	97	99	133	223	333	563	NA	20-233-00929-GER2110217
83	25	35	19	615	85.529006	47.825427	15361	FR	17	29	45	57	71	87	105	117	127	151	315	NA	19-186-01178-GER2106835
25	25	1	19	146	25.362155	2.543499	1658	FR	1	1	1	3	3	3	5	7	13	17	57	NA	19-134-03056-GER2110460
25	25	1	19	285	25.754824	2.905919	946	FR	1	1	1	3	3	5	5	11	17	27	71	NA	20-042-04322-GER2106866
25	25	1	19	91	25.313869	2.390717	1271	FR	1	1	1	1	3	3	3	7	11	17	41	NA	22-129-03461-GER2213111
26	25	2	19	296	26.138808	4.29075	1793	FR	1	3	3	3	5	9	15	65	161	207	321	NA	19-273-01304-GER2110392
25	25	1	19	315	25.370056	2.606067	1610	FR	1	1	1	3	3	5	7	11	27	89	239	NA	20-206-03704-GER2110249
25	25	1	19	282	25.685333	2.853024	1590	FR	1	1	1	3	3	3	5	11	15	25	139	NA	21-084-02480-GER2106760
66	25	40	19	396	73.886683	47.227696	23218	FR	17	33	49	61	81	83	83	97	141	171	323	NA	19-126-01893-GER2110281
25	25	1	19	168	25.309467	2.388728	2681	FR	1	1	1	1	3	3	5	7	13	27	185	NA	19-074-01945-GER2106920
95	95	32	19	472	96.390412	40.788082	90436	FR	13	25	37	51	65	77	91	107	119	139	195	NA	20-287-01276-GER2106783
25	25	1	19	153	25.587472000000002	2.850941	2351	FR	1	1	1	3	3	3	5	11	13	21	137	NA	19-343-01968-GER2110345
25.5	25	0.5	19	446	25.158789	1.786441	4688	FR	1	1	1	3	3	5	9	27	129	195	291	NA	20-157-01745-GER2106839
25	25	0	19	168	24.655189	1.044065	8912	FR	1	1	1	1	1	1	3	3	9	13	79	NA	19-156-02023-GER2110388
25	25	1	19	294	25.286306	2.405765	3268	FR	1	1	1	3	3	3	5	7	11	17	67	NA	19-238-04005-GER2106999
25	25	1	19	227	25.490425	2.741675	1292	FR	1	1	1	3	3	3	5	9	17	29	137	NA	20-244-02228-GER2107104
25	25	1	19	138	25.361381	2.814673	2134	FR	1	1	1	3	3	3	5	9	13	19	49	NA	19-224-02771-GER2110186
25	25	0	19	344	24.587041	1.140139	3355	FR	1	1	1	1	1	1	3	5	25	125	257	NA	20-183-02821-GER2107073
25	25	1	19	228	25.441655	2.712454	2260	FR	1	1	1	3	3	3	5	9	13	21	123	NA	19-112-02213-GER2106692
25	25	1	19	231	25.142139	2.719905	1531	FR	1	1	3	3	3	5	5	11	19	49	187	NA	20-136-03772-GER2106880
25	25	1	19	109	25.479508	2.55192	1255	FR	1	1	1	3	3	3	5	7	11	17	31	NA	20-206-02053-GER2106869
25	25	1	19	139	25.002604	2.358926	800	FR	1	1	1	1	3	3	5	7	11	17	59	NA	20-234-03586-GER2107097
25	25	1	19	191	25.266716	2.428466	2756	FR	1	1	1	3	3	3	5	7	11	15	49	NA	20-280-01654-GER2110173
83	25	33	19	827	91.281734	55.247256	82754	FR	13	27	41	55	67	77	91	113	143	251	415	NA	19-128-03482-GER2106713
25	25	1	19	61	25.449219	3.051426	1071	FR	1	1	1	3	3	5	5	11	15	21	49	NA	18-320-01214-GER2106934
25	25	1	19	326	25.302999	2.499916	2288	FR	1	1	1	3	3	5	7	13	87	193	391	NA	19-127-00807-GER2106915
25	25	1	19	213	25.357222	2.454048	1908	FR	1	1	1	3	3	3	5	7	13	21	97	NA	19-227-03317-GER2107044
25	25	1	19	77	25.344439	2.623482	2278	FR	1	1	1	1	3	3	5	7	13	15	41	NA	18-355-02586-GER2106673
25	25	1	19	237	25.39169	2.409604	3687	FR	1	1	1	3	3	3	5	11	31	121	241	NA	18-330-03504-GER2106696
26	25	2	19	347	25.992221	3.868039	1746	FR	1	3	3	3	5	7	13	29	153	241	411	NA	21-141-02283-GER2213120
88	95	29	19	6491	90.593195	39.880412	98522	FR	11	21	35	47	59	71	83	97	117	133	271	NA	18-281-01460-GER2110560
70	25	34	19	349	75.152736	43.486883	8315	FR	17	31	43	55	69	87	91	95	127	159	275	NA	20-342-03895-GER2107082
102	95	39	19	7569	117.745376	71.755369	203916	FR	15	29	45	61	79	97	115	133	235	335	599	NA	18-344-00707-GER2106712
25	25	1	19	107	25.316658	2.706638	1979	FR	1	1	1	3	3	3	5	9	11	15	47	NA	21-154-01026-GER2110310
25	25	1	19	165	25.243317	2.45433	1895	FR	1	1	1	1	3	3	5	7	11	17	51	NA	20-321-02342-GER2110318
25	25	1	19	290	25.534677	2.862551	3082	FR	1	1	1	3	3	5	5	11	13	23	175	NA	19-119-01023-GER2106705
25	25	1	19	182	25.407821	2.725531	563	FR	1	1	1	3	3	3	5	9	13	21	289	NA	19-280-02549-GER2213095
25	25	1	19	135	25.271442	2.478554	1097	FR	1	1	1	1	3	3	5	7	13	17	49	NA	18-302-04406-GER2110465
25	25	1	19	183	25.439435	2.772707	2319	FR	1	1	1	3	3	3	5	9	13	25	109	NA	19-053-03844-GER2106674
25	25	1	19	52	25.259554	2.699369	649	FR	1	1	1	3	3	3	5	9	13	17	39	NA	21-253-04125-GER2213019
25	25	2	19	317	25.174036	4.020054	1223	FR	1	1	3	3	5	7	11	13	69	139	247	NA	19-081-03748-GER2110475
80	25	35	19	394	87.254233	53.162961	3721	FR	15	29	43	57	71	89	109	113	141	191	371	NA	20-349-01188-GER2106958
25	25	1	19	153	25.265134	2.546239	1367	FR	1	1	1	3	3	3	5	9	13	19	51	NA	21-196-03086-GER2110517
25	25	1	19	49	25.646694	2.690596	513	FR	1	1	1	3	3	3	5	9	15	25	41	NA	19-294-03736-GER2213074
94	95	31	5	497	95.107869	40.203553	203584	FR	11	25	37	51	63	77	89	105	117	135	199	NA	20-262-01471-GER2106765
71	25	31	19	370	77.268857	44.080574	10805	FR	13	27	39	51	63	79	93	97	129	165	287	NA	19-140-01117-GER2110478
86	25	30	19	543	89.165533	43.32849	22956	FR	13	23	37	49	61	73	89	101	123	137	301	NA	20-087-02041-GER2107056
25	25	1	19	60	25.223419	2.577529	1524	FR	1	1	1	3	3	3	5	9	11	17	47	NA	22-109-03443-GER2213105
28	25	5	19	311	31.910172	12.990307	14447	FR	5	5	7	7	11	15	55	119	183	223	295	NA	19-210-02387-GER2106847
25	25	1	19	150	25.203574	2.549392	1680	FR	1	1	1	3	3	3	5	9	13	41	183	NA	19-052-01367-GER2110266
26	25	3	19	266	27.954874	7.781932	2447	FR	1	3	3	5	7	25	71	121	183	213	267	NA	19-219-02530-GER2110188
79	25	31	19	325	81.264817	44.632542	2919	FR	13	23	33	49	63	79	97	109	119	147	287	NA	18-269-02014-GER2213034
25	25	1	19	124	25.404852	2.731512	1371	FR	1	1	1	3	3	3	5	9	13	19	49	NA	18-355-01696-GER2110493
25	25	0	19	106	24.706745	1.006851	494	FR	1	1	1	1	1	1	3	7	17	25	121	NA	18-225-03267-GER2106785
25	25	1	19	85	25.446955	2.745459	1635	FR	1	1	1	3	3	3	5	9	13	17	41	NA	20-343-02364-GER2110553
25	25	1	19	80	25.323529	2.620193	2301	FR	1	1	1	3	3	3	5	7	13	17	33	NA	20-090-01997-GER2107059
25	25	1	19	239	25.522774	2.638205	2269	FR	1	1	1	3	3	5	7	13	65	163	255	NA	19-137-02515-GER2106706
25	25	1	19	158	25.467207	2.593074	1404	FR	1	1	1	1	3	3	5	7	13	17	49	NA	20-014-05533-GER2110362
96	25	37	19	689	104.70101	61.818814	14483	FR	13	27	43	57	75	93	111	135	155	269	455	NA	19-322-01531-GER2107018
25	25	1	19	241	25.369605	2.582631	2862	FR	1	1	1	3	3	3	5	9	13	23	157	NA	19-042-01746-GER2106891
25	25	1	19	152	25.16129	2.577356	649	FR	1	1	1	1	3	3	5	7	13	17	49	NA	20-042-01779-GER2110291
26	25	1	19	252	25.463068	2.588447	1299	FR	1	3	3	3	3	5	7	17	113	171	255	NA	20-252-04233-GER2110222
25	25	1	19	285	25.496396	2.27088	9116	FR	1	1	1	1	3	3	5	7	13	63	211	NA	19-137-01680-GER2110476
25	25	1	19	184	25.416072	2.495375	2340	FR	1	1	1	1	3	3	5	9	23	129	215	NA	20-111-01817-GER2106939
25	25	1	19	51	25.515815	2.795749	434	FR	1	1	1	3	3	3	5	9	13	25	49	NA	21-221-02380-GER2213012
61	25	35	19	387	71.578161	48.451835	11649	FR	17	31	45	61	71	73	77	99	151	201	335	NA	20-296-01427-GER2110403
25	25	1	19	159	25.651394	2.860005	591	FR	1	1	1	3	3	5	9	17	47	115	233	NA	20-269-01634-GER2110410
72	25	43	19	520	80.71825	54.79571	7498	FR	17	35	51	69	87	95	95	105	151	189	419	NA	20-104-01766-GER2106895
84	50	33	19	678	88.737999	45.964923	111582	FR	15	29	45	55	67	75	87	99	121	157	327	NA	21-005-00941-GER2110419
39	25	15	19	316	57.66229	40.314162	6136	FR	19	27	29	29	31	41	79	119	175	223	365	NA	18-288-00898-GER2106726
25	25	1	19	141	25.333333	2.531282	1990	FR	1	1	1	1	3	3	5	7	13	19	51	NA	19-085-01895-GER2106709
27	25	4	19	594	30.774	10.929677	668	FR	3	5	5	5	9	21	59	111	167	199	283	NA	19-186-02519-GER2106836
27	25	4	19	305	29.950461	10.491492	2796	FR	3	5	5	7	9	19	59	115	169	213	303	NA	20-287-02434-GER2110397
25	25	1	19	235	25.369485	2.217224	4499	FR	1	1	1	1	3	3	3	5	11	17	95	NA	19-200-01617-GER2106843
25	25	1	19	157	25.329123	2.624619	1407	FR	1	1	1	3	3	3	5	7	13	19	91	NA	19-280-02709-GER2107020
25	25	1	19	161	25.478138	2.701462	731	FR	1	1	1	3	3	3	5	7	13	17	47	NA	21-350-04640-GER2213067
87	95	28	19	7770	91.576565	43.467992	44229	FR	11	21	33	45	57	69	83	97	123	151	311	NA	20-070-02452-GER2107067
25	25	1	19	174	25.363929	2.717642	1410	FR	1	1	1	3	3	5	7	11	25	125	229	NA	20-083-02347-GER2107055
90	25	35	19	583	95.410999	54.537176	34740	FR	13	27	43	57	71	87	103	125	137	205	391	NA	18-274-02176-GER2106731
37	25	14	18	433	59.535553	43.259918	4309	FR	17	23	25	25	29	43	97	147	201	243	405	NA	20-134-03085-GER2106945
29	25	6	19	298	35.510332	18.347714	1421	FR	7	9	9	9	13	25	81	129	177	219	403	NA	20-073-02331-GER2106972
53	25	28	19	693	70.615785	54.539096	5222	FR	21	39	53	57	57	61	81	127	193	263	519	NA	19-357-02231-GER2110538
26	25	3	19	385	27.245509	6.477474	2528	FR	1	3	3	3	7	11	43	115	189	233	453	NA	20-076-02011-GER2110304
88	25	37	19	4146	90.654905	52.991913	36119	FR	15	33	47	61	75	93	115	127	133	167	357	NA	19-073-01777-GER2106883
25	25	1	19	49	25.031898	2.432265	647	FR	1	1	1	1	3	3	5	7	11	15	29	NA	19-336-04631-GER2213091
49	25	25	19	421	69.133072	51.719275	2808	FR	25	43	47	49	51	59	91	133	195	221	381	NA	20-062-04280-GER2107094
25	25	0	19	134	24.569767	1.180437	4259	FR	1	1	1	1	1	1	3	3	9	13	49	NA	20-090-02383-GER2106969
45	25	20	19	522	67.480329	51.460388	6969	FR	23	35	39	41	41	53	99	147	209	311	497	NA	19-329-03547-GER2107042
25	25	1	19	152	25.452601	2.488088	3567	FR	1	1	1	3	3	3	5	7	11	17	51	NA	20-351-00926-GER2107079
25	25	1	19	123	25.326913	2.456739	2044	FR	1	1	1	3	3	3	5	7	11	17	49	NA	19-218-03833-GER2110190
25	25	1	19	82	25.38351	2.53513	2422	FR	1	1	1	3	3	3	5	7	11	17	33	NA	19-343-01148-GER2106990
25	25	1	19	73	25.312236	2.996047	490	FR	1	1	1	3	3	5	5	9	13	19	49	NA	19-009-02433-GER2213050
25	25	1	19	295	25.572414	2.572737	1605	FR	1	1	1	3	3	3	5	11	21	103	235	NA	18-254-01336-GER2110305
88	62	27	19	574	92.501557	45.849143	23150	FR	11	21	33	45	55	67	83	99	127	179	331	NA	20-356-00962-GER2110185
25	25	1	19	144	25.475829	2.567335	1096	FR	1	1	1	1	3	3	5	7	13	19	49	NA	20-197-02408-GER2110320
25	25	1	19	344	25.392415	2.630302	1313	FR	1	1	1	3	3	3	5	9	17	39	225	NA	20-160-04025-GER2106840
25	25	1	19	454	25.423484	2.577445	1093	FR	1	1	1	1	3	3	5	9	13	21	173	NA	21-053-04713-GER2107039
25	25	1	19	356	25.512586	2.868313	1030	FR	1	1	1	3	3	5	9	13	65	141	273	NA	20-226-01995-GER2106882
25	25	1	19	60	25.279778	2.566585	745	FR	1	1	1	1	3	3	5	7	11	17	49	NA	19-260-01896-GER2213072
25	25	1	19	239	26.286045	2.93262	37722	FR	1	1	1	3	3	5	5	9	13	19	31	NA	19-253-01945-GER2106873
25	25	1.5	19	171	25.843357	3.737998	826	FR	1	1	3	3	3	5	9	17	71	171	253	NA	20-098-01693-GER2106917
25	25	1	19	198	25.424183	2.641385	1694	FR	1	1	1	3	3	3	5	11	21	55	175	NA	19-287-01347-GER2110357
25	25	0	19	151	24.578947	1.210134	528	FR	1	1	1	1	1	3	5	7	19	29	195	NA	19-046-01078-GER2106788
25	25	1	19	156	25.623217	2.618767	1599	FR	1	1	1	3	3	3	5	9	13	17	119	NA	19-144-01333-GER2110255
74	25	39	19	444	82.099948	51.457623	11476	FR	17	35	49	65	79	97	99	109	151	177	341	NA	20-143-02101-GER2106700
89	95	29	19	419	91.185019	39.855363	35846	FR	11	21	35	47	59	71	85	99	121	133	249	NA	19-109-01658-GER2110317
25	25	1	19	58	25.060968	2.426423	1549	FR	1	1	1	1	3	3	5	7	11	13	41	NA	21-322-03014-GER2213060
25	25	1	19	219	25.252427	2.466666	867	FR	1	1	1	1	3	3	5	7	13	21	155	NA	18-351-03779-GER2213049
25	25	1	19	361	25.226239	2.5312770000000002	1915	FR	1	1	1	3	3	3	5	11	23	83	193	NA	20-344-03445-GER2107077
25	25	0	19	324	24.710292	1.026337	1314	FR	1	1	1	1	1	3	5	17	61	143	249	NA	20-269-03156-GER2106777
25	25	1	19	139	25.312436	2.646629	2040	FR	1	1	1	3	3	3	5	9	13	21	55	NA	19-294-01728-GER2107012
25	25	1	19	230	25.328464	2.363842	4551	FR	1	1	1	3	3	3	5	7	11	17	57	NA	19-155-03224-GER2106808
25	25	1	19	550	25.820937	2.682337	3204	FR	1	1	1	3	3	3	5	11	19	91	231	NA	20-356-04560-GER2107086
25	25	1	19	61	25.165973	2.570814	1998	FR	1	1	1	3	3	3	5	7	13	17	49	NA	20-189-01264-GER2107106
26	25	3	19	331	28.357364	7.811475	3221	FR	1	3	3	5	7	21	61	119	193	245	377	NA	20-041-02216-GER2106952
34	25	11	19	423	53.577961	37.021871	1959	FR	13	17	19	19	23	49	103	151	201	239	287	NA	18-247-03370-GER2213102
26	25	1	19	160	25.691583	2.801585	1663	FR	1	3	3	3	3	5	7	9	13	19	137	NA	20-055-02008-GER2106973
87	25	30	19	466	88.350246	41.424386	13009	FR	13	23	35	49	61	71	87	101	125	135	265	NA	19-252-01047-GER2110307
25	25	0	19	195	24.847941	0.709359	6371	FR	1	1	1	1	1	1	1	1	3	7	21	NA	22-041-02104-GER2213116
25	25	1	19	176	25.248221	2.576306	1234	FR	1	1	1	3	3	3	5	9	19	49	185	NA	20-154-01503-GER2106995
26	25	1	19	422	25.544497	2.506815	3863	FR	1	3	3	3	3	7	11	57	153	211	393	NA	19-106-02964-GER2106773
25	25	1	19	113	25.512245	2.750959	1018	FR	1	1	1	3	3	3	5	9	13	17	49	NA	20-195-05002-GER2110247
25	25	1	19	144	25.418529	2.779086	1898	FR	1	1	1	3	3	3	5	9	13	17	49	NA	20-260-01073-GER2110440
66	25	31	19	319	76.219074	47.117475	4729	FR	13	27	41	53	63	81	83	95	145	193	333	NA	20-310-01933-GER2110375
25	25	1	19	194	25.451715	2.734702	1660	FR	1	1	1	3	3	3	5	9	13	23	73	NA	20-048-01724-GER2110323
25	25	1	19	145	25.433347	2.523241	2490	FR	1	1	1	3	3	3	5	9	13	23	109	NA	19-050-03649-GER2110297
63	25	38	19	282	72.702391	46.632598	3723	FR	23	43	61	73	77	77	85	111	159	183	221	NA	20-153-03286-GER2106992
25	25	1	19	117	25.264822	2.584822	1579	FR	1	1	1	3	3	3	5	7	13	19	55	NA	19-175-01533-GER2110368
25	25	1	19	146	25.5	2.46299	2866	FR	1	1	1	1	3	3	3	7	13	15	41	NA	19-011-03535-GER2110499
84	25	35	19	383	84.911593	44.951657	11447	FR	15	25	39	55	71	83	99	117	123	139	279	NA	19-234-02499-GER2110181
26	27	1	19	257	25.824699	2.877021	6969	FR	1	3	3	3	3	5	5	7	13	15	23	NA	19-281-05394-GER2107021
25	25	1	19	121	25.298357	2.526417	1628	FR	1	1	1	3	3	3	5	7	11	17	47	NA	18-345-05136-GER2110496
25	25	1	19	274	25.392552	2.601399	2165	FR	1	1	1	3	3	3	5	9	17	65	209	NA	19-144-01707-GER2106893
26	25	2	19	305	26.224958	4.589347	3328	FR	1	3	3	3	5	11	31	87	151	199	283	NA	19-098-04058-GER2110400
63	25	31	19	246	69.380532	38.763456	6914	FR	13	25	39	51	63	75	77	87	123	153	197	NA	18-226-02647-GER2110514
25	25	1	19	177	25.539092	2.76801	1672	FR	1	1	1	3	3	3	5	9	13	23	77	NA	19-273-01671-GER2110384
26	25	3	19	365	27.524035	6.880945	1838	FR	1	3	3	3	7	15	71	137	197	243	369	NA	20-111-02462-GER2110287
26	25	2	19	305	27.391008	5.215255	993	FR	3	3	3	3	5	15	27	71	139	187	269	NA	19-252-02382-GER2106874
25	25	1	19	323	25.516399	2.620322	3328	FR	1	1	1	3	3	3	5	9	15	39	195	NA	20-336-01333-GER2106959
25	25	1	19	174	25.516052	2.834321	894	FR	1	1	1	3	3	3	5	9	15	25	147	NA	20-255-02464-GER2110220
25	25	1	19	293	25.340552	2.52556	2674	FR	1	1	1	3	3	5	5	11	39	135	257	NA	20-153-03782-GER2110349
25	25	1	19	130	25.273608	2.384022	1278	FR	1	1	1	1	3	3	5	7	11	17	45	NA	19-249-03651-GER2107046
26	25	2	19	286	25.839744	3.699217	1798	FR	1	3	3	3	5	7	13	53	155	201	309	NA	19-270-05067-GER2110377
25	25	1	19	60	25.166881	2.397059	802	FR	1	1	1	3	3	3	5	5	11	17	49	NA	19-266-02059-GER2213129
25	25	1	19	58	25.756116	2.747358	1356	FR	1	1	1	3	3	3	5	9	13	17	41	NA	19-357-03182-GER2213121
26	25	3	19	310	27.531235	6.507783	2888	FR	1	3	3	3	7	11	41	111	183	237	423	NA	20-097-02251-GER2106975
25	25	1	19	230	25.42439	2.478942	2560	FR	1	1	1	3	3	3	5	7	13	19	67	NA	21-029-02531-GER2107028
25	25	1	19	289	25.446977	2.366877	4058	FR	1	1	1	1	3	3	3	7	13	17	149	NA	19-053-01347-GER2106682
33	25	9	19	318	46.281879000000004	30.534055	1342	FR	13	17	17	17	19	29	79	139	187	231	381	NA	19-105-02731-GER2106775
25	25	1	19	237	25.400791	2.521192	1589	FR	1	1	1	3	3	3	5	7	13	21	123	NA	20-196-02213-GER2107004
25	25	2	19	421	25.427885	3.806466	3880	FR	1	1	3	3	5	5	11	37	139	197	291	NA	19-078-01206-GER2106715
25	25	1	19	149	25.185085	2.554773	1161	FR	1	1	1	3	3	3	5	7	13	19	87	NA	18-274-01285-GER2213036
25	25	1	19	60	25.278749	2.468315	1129	FR	1	1	1	3	3	3	5	7	11	17	47	NA	21-272-02207-GER2213022
25	25	1	19	120	25.29919	2.578797	2168	FR	1	1	1	3	3	3	5	7	13	17	47	NA	19-322-01049-GER2107017
55	25	30	19	438	69.674829	48.746116	4821	FR	23	39	57	61	61	65	81	117	161	195	355	NA	20-149-01301-GER2106993
25	25	1	19	219	25.096639	2.192148	853	FR	1	1	1	1	3	3	5	13	73	141	249	NA	19-158-01351-GER2110381
25	25	1	19	117	25.385533	2.78392	1297	FR	1	1	1	3	3	3	5	9	13	17	47	NA	21-195-02314-GER2110519
88	25	29	19	442	90.36128	42.087927	48939	FR	11	21	33	45	59	71	85	99	125	137	295	NA	18-267-01446-GER2106738
25	25	2	19	243	26.144608	4.391422	987	FR	1	1	1	3	5	7	11	27	101	157	265	NA	20-174-02711-GER2106943
25	25	1	19	158	25.241772	2.835324	849	FR	1	1	3	3	3	5	7	11	15	49	177	NA	20-315-01724-GER2213127
25	25	1	19	305	25.398406	2.966855	1112	FR	1	1	1	3	3	5	7	11	21	55	213	NA	21-103-01853-GER2106755
25	25	1	19	226	25.195709	2.598995	1630	FR	1	1	1	3	3	3	5	9	13	25	157	NA	20-160-00843-GER2110205
44	25	19	19	381	62.255359	43.092777	15080	FR	21	37	39	39	39	49	87	125	171	207	263	NA	19-119-04354-GER2110272
87	25	31	19	395	88.035982	41.862912	24151	FR	13	23	35	49	63	73	89	105	125	135	257	NA	19-120-01766-GER2110280
25	25	1	19	206	25.29534	2.499287	1857	FR	1	1	1	3	3	3	5	7	11	19	113	NA	20-224-02262-GER2106899
25	25	1	19	158	25.256198	2.604597	788	FR	1	1	1	3	3	3	5	9	17	49	175	NA	20-024-03211-GER2106925
25	25	1	19	61	25.444444	2.708067	798	FR	1	1	1	3	3	3	5	9	13	21	47	NA	20-294-02126-GER2213071
25	25	1	19	219	25.527972	2.565641	2470	FR	1	1	1	3	3	3	5	9	17	47	183	NA	19-157-01674-GER2110382
25	25	1	19	264	25.280262	2.61724	2179	FR	1	1	1	3	3	5	9	13	71	151	269	NA	19-273-01167-GER2106821
93	25	36	19	659	100.129016	59.31503	16089	FR	13	29	43	59	73	91	111	135	149	259	439	NA	19-302-05614-GER2106989
25	25	1	19	135	25.387978	2.506893	1327	FR	1	1	1	1	3	3	5	7	13	17	55	NA	18-323-04508-GER2110481
25	25	1	19	122	25.2	2.542425	1302	FR	1	1	1	3	3	3	5	7	13	17	41	NA	22-126-03591-GER2213118
25	25	1	19	149	25.251941	2.429378	1445	FR	1	1	1	1	3	3	3	7	11	13	45	NA	21-293-03720-GER2213052
25	25	1	19	411	25.285304	2.566877	1984	FR	1	1	1	3	3	3	5	11	33	103	191	NA	19-218-01679-GER2106860
25	25	1	19	253	25.310866	2.337098	1883	FR	1	1	1	1	3	3	5	9	17	59	203	NA	19-107-02171-GER2106767
25	25	1	19	402	25.408506	2.356971	2326	FR	1	1	1	3	3	5	11	35	133	189	281	NA	19-056-01276-GER2106690
25	25	1	19	304	25.501094	2.756194	2059	FR	1	1	1	3	3	5	7	11	25	105	233	NA	21-092-03269-GER2106756
25	25	1	19	275	25.292303	2.260084	3641	FR	1	1	1	3	3	3	5	11	51	149	249	NA	18-232-02762-GER2110262
90	25	32	19	461	92.923996	49.700376	11383	FR	11	25	37	51	65	79	97	115	131	157	361	NA	19-280-02076-GER2110170
67	25	39	19	407	74.914579	50.848475	3114	FR	17	31	47	61	79	85	85	97	137	185	377	NA	20-114-01597-GER2106900
25	25	1	19	146	25.462854	2.765534	1756	FR	1	1	1	3	3	3	5	9	13	17	49	NA	19-357-01032-GER2110536
25	25	1	19	140	25.165673	2.911579	882	FR	1	1	1	3	3	3	5	9	15	21	183	NA	20-350-02261-GER2213085
25	25	1	19	151	25.343838	2.655834	4028	FR	1	1	1	1	3	3	5	7	13	17	45	NA	19-056-04290-GER2110502
28	25	5	19	481	31.912437	14.070569	2193	FR	5	7	7	7	11	31	93	147	213	315	491	NA	21-032-00797-GER2213098
25	25	0	19	221	24.836018	0.703608	1022	FR	1	1	1	1	1	1	3	17	97	171	253	NA	18-242-02355-GER2106779
25	25	1	19	96	25.571966	2.739514	1120	FR	1	1	1	3	3	3	5	9	15	23	59	NA	19-277-02843-GER2110389
25	25	1	19	290	25.348655	2.405827	3306	FR	1	1	1	1	3	3	5	7	11	17	71	NA	20-029-02713-GER2106929
25	25	1	19	371	25.457594	2.59343	2160	FR	1	1	1	1	3	3	5	7	17	29	189	NA	20-132-01843-GER2106913
25	25	1	19	201	25.146674	2.56188	1959	FR	1	1	1	3	3	5	5	11	23	77	199	NA	19-261-01578-GER2110409
93	25	35	19	1366	97.13178	53.706451	42507	FR	13	29	43	55	71	85	103	119	139	213	369	NA	19-120-01336-GER2106781
25	25	1	19	61	25.265734	2.550347	1776	FR	1	1	1	3	3	3	5	7	11	17	41	NA	21-336-02801-GER2213062
25	25	2	19	419	25.525151	4.286122	596	FR	1	1	1	3	5	5	13	23	127	191	373	NA	19-203-01136-GER2106844
82	25	36	19	533	88.650015	53.221628	25971	FR	15	27	43	57	73	87	107	115	143	205	369	NA	18-274-01131-GER2106735
72	25	40	19	391	76.340222	49.133671	5952	FR	19	35	49	63	81	93	95	99	131	173	323	NA	19-289-01043-GER2110350
25	25	1	19	58	25.453312	2.590613	1287	FR	1	1	1	1	3	3	5	7	13	17	29	NA	21-340-02897-GER2213064
25	25	1	19	167	25.413677	2.557768	1909	FR	1	1	1	3	3	3	5	9	13	29	153	NA	18-253-04891-GER2110267
26	25	3	19	345	28.030253	7.60609	1598	FR	1	3	3	3	7	11	29	91	173	217	301	NA	19-231-03817-GER2110177
101	95	33	2	4790	110.735566	57.553536	363187	FR	13	25	39	53	67	85	101	119	155	263	439	NA	20-127-01766-GER2106946
25	25	1	17	141	24.524721	3.015884	1289	FR	1	1	1	3	3	5	5	11	13	17	47	NA	21-320-01563-GER2213059
25	25	1	19	277	25.184763	2.669139	1754	FR	1	1	1	3	3	3	5	9	13	21	79	NA	20-174-01678-GER2110288
26	25	1	19	447	26.276305	3.025441	4371	FR	1	3	3	3	3	5	7	13	37	133	263	NA	19-305-02875-GER2106996
104	95	38	7	7654	116.566224	65.947596	328590	FR	15	27	43	59	77	93	109	129	205	297	543	NA	20-210-01077-GER2107108
98	95	33	19	793	106.458192	56.157281	96677	FR	13	25	39	53	67	83	99	117	147	249	455	NA	20-132-01427-GER2106908
103	111	40	19	4098	117.297098	74.954382	140044	FR	15	29	43	61	81	101	119	153	257	341	607	NA	19-149-04763-GER2106804
26	25	2	19	458	25.917172	3.889771	4237	FR	1	3	3	3	5	7	13	55	155	207	365	NA	19-017-02238-GER2106789
25	25	1	19	103	25.257426	2.826711	745	FR	1	1	1	3	3	5	5	9	13	23	49	NA	20-213-03288-GER2107112
25	25	1	19	61	25.436242	2.749369	1086	FR	1	1	1	3	3	3	5	9	13	19	49	NA	19-295-02562-GER2110402
25	25	1	19	356	25.238747	2.201922	4094	FR	1	1	1	1	3	3	3	7	13	51	237	NA	19-213-02978-GER2106855
25	25	1	19	165	25.430981	2.373301	2305	FR	1	1	1	1	3	3	3	5	11	15	27	NA	19-043-04111-GER2110371
25	25	1	19	158	25.209572	2.5401	2287	FR	1	1	1	3	3	3	5	9	13	25	165	NA	20-190-01847-GER2110202
99	151	33	2	4693	104.850658	50.285368	867191	FR	13	27	41	55	67	83	99	113	129	175	365	NA	20-020-01099-GER2110356
95	95	31	19	623	98.295043	45.463035	53603	FR	11	25	35	49	63	77	91	109	125	147	323	NA	20-139-02329-GER2106903
25	25	1	19	233	25.336748	2.479575	2530	FR	1	1	1	3	3	3	5	9	17	39	171	NA	19-298-02976-GER2107011
25	25	1	19	173	25.49955	2.652762	2327	FR	1	1	1	3	3	3	5	9	13	21	123	NA	20-350-02912-GER2107080
25	25	1	19	209	25.560481	2.804687	1703	FR	1	1	1	3	3	3	5	11	17	43	187	NA	19-290-02482-GER2110245
25	25	1	19	144	25.426982	2.520156	2959	FR	1	1	1	3	3	3	5	7	13	17	43	NA	19-238-02730-GER2107033
48	25	23	19	531	66.88	47.880383	9322	FR	13	31	45	47	47	51	85	129	173	219	379	NA	19-036-02899-GER2110506
43	25	19	19	533	63.662058	48.700606	1873	FR	21	33	37	37	39	49	97	145	213	333	515	NA	18-264-03608-GER2213028
25	25	1	19	139	25.337072	2.682102	1662	FR	1	1	1	3	3	3	5	7	13	17	49	NA	19-200-01411-GER2110196
25	25	1	19	195	25.478034	2.808745	1439	FR	1	1	1	3	3	3	5	9	17	33	169	NA	20-228-00888-GER2110285
79	25	35	19	446	82.046871	46.833227	12868	FR	17	31	45	57	71	83	103	109	123	159	319	NA	19-248-01003-GER2110179
96	54	34	16	6221	104.7647	54.675825	693636	FR	13	27	41	53	69	83	99	113	141	239	409	NA	19-178-04341-GER2106828
25	25	1	19	148	25.380634	2.508013	2482	FR	1	1	1	1	3	3	5	7	13	17	51	NA	19-288-01527-GER2107014
25	25	1	19	272	25.453715	2.709698	1872	FR	1	1	1	3	3	5	7	11	31	95	211	NA	19-255-05244-GER2110316
25	25	1	19	166	25.373944	2.784538	1494	FR	1	1	1	3	3	3	5	9	13	21	49	NA	19-116-01934-GER2110436
43	25	18	19	533	61.06995	44.245581	5483	FR	17	33	35	37	37	47	89	135	179	231	447	NA	20-343-01278-GER2213084
26	25	2	19	407	26.045411	4.087594	2597	FR	1	3	3	3	5	7	13	45	165	221	457	NA	19-141-01114-GER2106918
49	25	24	19	436	68.327206	51.715582	1372	FR	21	39	47	49	49	51	85	129	195	247	467	NA	19-336-02739-GER2107001
86	25	31	19	1685	89.398396	45.595164	70370	FR	13	23	37	49	63	75	89	105	125	153	319	NA	18-304-02900-GER2110468
25	25	1	19	58	25.580079	2.856557	1841	FR	1	1	1	3	3	3	5	9	13	19	41	NA	21-109-02656-GER2213106
25	25	1	19	175	25.446307	2.63918	2331	FR	1	1	1	3	3	3	5	9	13	25	141	NA	20-293-02367-GER2110341
25	25	1	19	299	25.249344	2.566419	1598	FR	1	1	1	3	3	3	5	7	13	21	55	NA	21-105-00001-GER2110276
25	25	1	19	203	25.346698	2.450149	1417	FR	1	1	1	1	3	3	5	9	25	77	197	NA	19-315-01878-GER2110237
89	95	31	19	679	96.90282	51.160259	51084	FR	13	25	37	49	63	75	89	103	131	219	405	NA	18-261-03507-GER2106793
84	25	31	19	697	87.294905	45.988197	30477	FR	13	25	37	49	63	77	91	115	123	151	317	NA	18-309-02522-GER2110464
78	25	29	18	349	84.297381	43.902497	48231	FR	13	25	35	47	59	71	83	105	131	165	301	NA	18-323-02177-GER2110515
25	25	1	19	169	25.730507	2.846058	1413	FR	1	1	1	3	3	3	5	11	17	27	149	NA	21-008-03957-GER2110421
25	25	1	19	312	25.385427	2.628943	3047	FR	1	1	1	3	3	3	5	9	13	17	63	NA	19-206-00975-GER2110200
25	25	1	19	228	25.422574	2.616242	1656	FR	1	1	1	3	3	5	5	11	39	115	215	NA	19-252-03925-GER2110308
25	25	1	19	145	25.423221	2.531656	1101	FR	1	1	1	1	3	3	5	7	11	17	47	NA	20-136-03106-GER2110299
25	25	1	19	360	25.375073	2.528276	1905	FR	1	1	1	3	3	3	5	11	25	107	249	NA	19-203-03421-GER2110195
25	25	1	19	121	25.864561	2.93793	2426	FR	1	1	1	3	3	3	5	11	15	21	51	NA	20-280-03572-GER2110172
25	25	1	19	326	25.189873	2.355002	3024	FR	1	1	1	3	3	5	9	39	127	179	265	NA	19-102-04422-GER2110252
95	54	34	19	6792	105.356786	59.013852	58780	FR	13	27	41	55	69	85	101	117	167	269	473	NA	20-087-02234-GER2110257
26	25	3	19	400	27.152347	6.712814	1525	FR	1	3	3	3	7	11	37	117	201	251	401	NA	18-253-01205-GER2213132
37	25	13.5	19	514	57.466857	42.107441	3690	FR	17	23	25	25	27	43	95	151	217	275	479	NA	18-247-03087-GER2110253
25	25	1	19	139	25.42412	2.327613	2769	FR	1	1	1	1	3	3	3	5	11	13	27	NA	20-044-01822-GER2110322
28	25	5	19	403	31.401212	13.376445	2311	FR	5	7	7	7	11	29	93	135	179	221	391	NA	19-294-02807-GER2110339
26	25	1	19	255	25.986538	2.71402	750	FR	1	3	3	3	3	7	23	73	143	187	261	NA	20-132-01960-GER2106954
25	25	1	19	138	25.332402	2.589378	1110	FR	1	1	1	1	3	3	5	7	13	17	47	NA	21-364-01538-GER2213112
25	25	1	19	122	25.549128	2.793707	1135	FR	1	1	1	3	3	3	5	9	13	19	49	NA	20-038-03271-GER2110333
93	25	32	19	686	97.151763	51.959593	30101	FR	13	25	37	51	65	81	97	113	139	203	383	NA	19-259-02031-GER2110529
25	25	1	19	344	25.336761	2.459644	3196	FR	1	1	1	1	3	3	5	7	11	17	51	NA	19-175-03277-GER2106833
75	25	39	19	362	79.215352	50.039746	3817	FR	19	35	47	63	79	95	101	103	125	171	337	NA	19-263-02169-GER2110414
26	25	1	19	394	25.458967	2.730588	1640	FR	1	3	3	3	3	7	9	21	129	191	281	NA	20-076-02303-GER2107062
39	25	16	19	397	59.459452	42.13846	3598	FR	19	27	29	29	33	43	89	131	185	221	363	NA	20-139-01467-GER2110303
25	25	1	19	228	25.432604	2.877172	1497	FR	1	1	1	3	3	3	5	9	15	25	167	NA	21-026-01080-GER2110242
25	25	1	19	104	24.966605	2.512815	3337	FR	1	1	1	3	3	5	5	7	11	13	29	NA	19-205-02507-GER2106845
25	25	1	19	255	25.52689	2.598969	2887	FR	1	1	1	3	3	3	5	9	13	21	119	NA	20-106-00774-GER2106922
25	25	1	19	167	25.439931	2.433737	1229	FR	1	1	1	1	3	3	5	7	13	27	167	NA	22-145-04585-GER2213097
86	25	40	19	458	95.302653	63.263207	6823	FR	15	29	43	61	81	99	121	125	201	269	423	NA	20-364-00761-GER2213077
25	25	1	19	624	25.213274	2.519297	1165	FR	1	1	1	3	3	3	5	7	11	17	49	NA	21-355-03131-GER2213068
25	25	1	19	60	25.285405	2.556698	1406	FR	1	1	1	1	3	3	5	7	13	13	25	NA	19-035-05171-GER2110513
95	95	30	7	4386	100.971985	50.031702	221906	FR	11	23	35	49	61	77	91	109	131	213	373	NA	20-111-02146-GER2106896
50	25	25	19	1329	71.430009	55.684609	5621	FR	21	43	49	51	51	61	93	143	203	261	495	NA	20-335-04431-GER2106960
25	25	1	19	165	25.106422	2.886909	563	FR	1	1	1	3	3	5	5	9	13	17	33	NA	22-080-05179-GER2213017
25	25	1	19	198	25.404651	2.694739	1191	FR	1	1	1	3	3	3	5	11	21	51	127	NA	19-253-05674-GER2110332
83	25	41	19	734	88.011376	57.665656	5635	FR	19	35	51	67	83	101	115	119	147	205	401	NA	20-140-02882-GER2106897
25	25	1	19	265	25.334485	2.486511	2740	FR	1	1	1	1	3	3	5	7	13	21	143	NA	19-128-02833-GER2110471
25	25	1	19	143	25.321537	2.696104	1030	FR	1	1	1	3	3	3	5	9	13	19	49	NA	22-047-04189-GER2213117
25	25	1	19	400	25.583612	2.323617	759	FR	1	1	1	1	3	3	7	25	101	151	243	NA	20-127-02497-GER2106907
27	25	4	19	505	29.683723	10.209199	5255	FR	3	5	5	5	9	25	83	139	209	253	459	NA	20-301-03025-GER2110376
25	25	1	19	151	25.349367	2.673595	1225	FR	1	1	1	3	3	3	5	9	13	17	49	NA	21-138-01390-GER2110432
25	25	1	19	169	25.403525	2.854156	1140	FR	1	1	1	3	3	3	5	9	15	25	71	NA	21-181-03720-GER2110508
25	25	0	19	201	24.832736	0.747028	7364	FR	1	1	1	1	1	1	1	1	3	9	83	NA	20-119-01481-GER2106912
26	25	2	19	250	26.357542	4.454849	2494	FR	1	3	3	3	5	9	13	47	147	201	287	NA	19-242-02581-GER2107034
25	25	1	19	255	25.248825	2.511625	4966	FR	1	1	1	3	3	3	5	11	23	105	227	NA	18-225-01427-GER2110524
85	25	35	19	733	89.869181	52.231219	10982	FR	15	29	45	59	71	87	101	121	133	171	387	NA	19-078-01002-GER2106870
25	25	1	19	240	25.220381	2.626631	1830	FR	1	1	1	3	3	3	5	11	35	125	237	NA	20-041-02604-GER2110325
25	25	1	19	152	25.546107	2.869434	2089	FR	1	1	1	3	3	3	5	11	17	35	191	NA	20-318-02225-GER2106985
25	25	1	19	167	25.486052	2.654323	1939	FR	1	1	1	3	3	3	5	7	13	19	49	NA	19-343-02406-GER2106991
25	25	1	19	151	25.39843	2.476975	2251	FR	1	1	1	3	3	3	5	7	13	17	101	NA	20-042-05215-GER2110334
55	25	30	19	521	75.767762	60.822191	2839	FR	25	45	59	61	61	65	89	135	211	301	493	NA	19-345-01523-GER2107092
25	25	1	19	111	25.447644	2.717757	1979	FR	1	1	1	3	3	3	5	9	13	17	47	NA	20-003-02199-GER2107064
25	25	1	19	220	25.53486	2.795659	1115	FR	1	1	1	3	3	5	7	13	41	135	241	NA	20-153-01543-GER2110373
25	25	1	19	274	25.463176	2.389114	2509	FR	1	1	1	1	3	3	5	7	13	37	203	NA	19-060-02627-GER2106795
25	25	1	19	298	25.256013	2.420881	4042	FR	1	1	1	3	3	3	5	9	13	49	199	NA	19-156-04015-GER2110387
25	25	1	19	147	25.380724	2.3679230000000002	3664	FR	1	1	1	1	3	3	5	7	11	17	75	NA	18-337-01553-GER2106694
25	25	1	19	57	25.276451	2.558612	891	FR	1	1	1	1	3	3	5	5	11	15	25	NA	21-292-02519-GER2213057
25	25	1	19	203	25.333333	2.643222	711	FR	1	1	1	3	3	5	5	11	31	121	295	NA	19-224-02741-GER2107024
25	25	1	19	132	25.454076	2.798724	1011	FR	1	1	1	3	3	3	5	9	13	19	49	NA	20-364-01799-GER2213078
77	25	40	19	1881	83.729511	52.79855	6421	FR	19	35	49	67	81	99	105	109	151	185	347	NA	19-189-01896-GER2110204
25	25	1	19	260	24.933166	2.656577	1325	FR	1	1	1	3	3	5	5	11	19	93	219	NA	21-106-01454-GER2110469
25	25	1	19	112	25.624023	2.615808	2118	FR	1	1	1	3	3	3	5	7	13	17	49	NA	20-266-01783-GER2110417
46	25	22	19	354	63.043912	47.505575	1518	FR	19	35	41	43	45	51	71	117	179	231	441	NA	19-254-04636-GER2110306
25	25	1	19	193	25.384352	2.721759	2118	FR	1	1	1	3	3	3	5	9	13	17	49	NA	18-316-04001-GER2110399
25	25	1	19	207	25.172249	2.870447	1968	FR	1	1	1	3	3	3	5	9	13	21	51	NA	18-278-03055-GER2110559
25	25	1	19	301	25.439625	2.713957	1761	FR	1	1	1	1	3	3	5	7	13	17	49	NA	19-259-01326-GER2110522
25	25	1	19	132	25.380591	2.73481	1248	FR	1	1	1	3	3	3	5	9	13	23	59	NA	20-364-02240-GER2213079
88	25	30	19	511	92.216542	48.013003	11467	FR	13	23	37	49	61	75	91	107	129	175	331	NA	18-253-01052-GER2213131
25	25	1	19	112	25.615717	2.548827	1417	FR	1	1	1	3	3	3	5	7	13	17	37	NA	22-033-03579-GER2213115
81	25	37	19	699	88.556099	55.098334	139205	FR	17	29	45	59	75	89	109	113	145	211	395	NA	18-232-02420-GER2110261
29	25	6	19	426	35.854593	18.569165	7005	FR	7	9	9	9	13	37	87	137	197	239	375	NA	18-330-03332-GER2110437
25	25	1	19	124	25.263374	2.447809	1761	FR	1	1	1	3	3	3	5	7	11	17	49	NA	20-038-01317-GER2106950
26	25	2	19	285	26.617747	4.934853	867	FR	3	3	3	3	5	15	49	95	151	197	377	NA	19-162-02059-GER2106825
25	25	1	19	119	25.269027	2.688664	601	FR	1	1	1	3	3	3	5	9	15	25	61	NA	19-263-03294-GER2213128
25	25	1	19	61	25.20098	2.573619	1260	FR	1	1	1	3	3	3	5	7	13	13	47	NA	22-069-01231-GER2213015
26	25	3	19	359	27.693946	7.56991	1286	FR	1	3	3	5	7	17	69	147	223	285	447	NA	20-308-01779-GER2213093
25	25	1	19	151	25.16436	2.461433	2384	FR	1	1	1	3	3	3	5	7	11	17	63	NA	19-252-01600-GER2106902
25	25	1	19	104	25.521277	2.594041	963	FR	1	1	1	1	3	3	5	7	13	17	35	NA	21-355-04181-GER2213069
25	25	1	19	314	25.302242	2.707611	1685	FR	1	1	1	3	3	5	9	17	103	173	331	NA	21-019-03836-GER2107090
25	25	1	19	264	25.446508	2.693328	1519	FR	1	1	1	3	3	5	7	11	27	117	235	NA	20-115-01170-GER2110260
81	25	41	19	817	91.147418	63.710158	59632	FR	17	31	49	65	83	105	113	113	175	281	481	NA	20-028-01868-GER2106979
25	25	1	19	261	25.229079	2.606597	1407	FR	1	1	1	3	3	5	7	13	61	137	231	NA	19-305-01065-GER2110346
62	25	37	19	399	74.089919	50.763278	2480	FR	17	37	51	69	75	75	79	107	145	191	403	NA	19-155-01535-GER2106812
91	25	33	19	1875	94.339683	49.586474	24208	FR	13	27	41	55	67	81	99	115	133	163	349	NA	19-189-05235-GER2106971
25	25	1	19	245	25.294964	2.646242	1622	FR	1	1	1	3	3	3	5	9	13	25	129	NA	21-019-02227-GER2107091
25	25	1	19	241	25.387319	2.507119	3197	FR	1	1	1	3	3	3	5	9	19	89	245	NA	20-296-03575-GER2106780
103	95	37	7	6994	114.531985	63.683338	613092	FR	15	29	43	59	75	91	107	125	173	287	487	NA	18-284-04215-GER2106730
25	25	1	19	275	25.191765	2.842903	2003	FR	1	1	1	3	3	5	9	13	67	135	239	NA	18-268-02414-GER2110450
25	25	1	19	349	25.277685	2.478965	2724	FR	1	1	1	3	3	3	5	11	39	115	253	NA	19-220-02388-GER2106813
25	25	1	19	258	25.457597	2.292922	766	FR	1	1	1	1	3	3	13	57	129	179	259	NA	19-267-04485-GER2106815
25	25	1	19	60	25.482474	2.985191	506	FR	1	1	1	3	3	3	5	9	15	21	49	NA	20-290-02432-GER2213073
26	25	2	19	6837	26.204568	4.068141	2661	FR	1	3	3	3	5	7	15	61	141	193	319	NA	20-245-04026-GER2110223
103	25	42	19	1034	116.410709	75.519482	27172	FR	15	29	45	65	85	101	123	155	241	351	605	NA	18-295-03454-GER2106721
25	25	1	19	269	25.781034	2.9360560000000002	2521	FR	1	1	1	3	3	5	7	11	17	41	175	NA	19-133-01323-GER2106686
25	25	1	19	220	25.147101	2.741608	1478	FR	1	1	1	3	3	5	5	9	13	29	155	NA	21-144-03027-GER2106744
25	25	1	19	50	25.413629	2.637653	656	FR	1	1	1	3	3	3	5	7	13	17	49	NA	19-064-03944-GER2213126
97	95	29	10	5492	102.406451	47.290591	125739	FR	11	23	35	47	59	75	89	109	125	179	347	NA	20-076-01130-GER2107060
25	25	1	19	251	25.259078	2.563366	1616	FR	1	1	1	3	3	3	5	11	29	105	233	NA	21-167-02123-GER2110520
25	25	1	19	196	25.366467	2.678244	1824	FR	1	1	1	3	3	3	5	11	17	49	215	NA	19-337-04606-GER2110241
25	25	1	19	88	25.435786	2.59925	2126	FR	1	1	1	3	3	3	5	7	11	17	41	NA	20-017-01906-GER2110364
25	25	1	19	284	25.215766	2.28716	2894	FR	1	1	1	3	3	3	5	7	13	49	191	NA	19-218-04545-GER2106857
25	25	1	19	158	25.309365	2.830429	1231	FR	1	1	1	3	3	3	5	9	13	17	47	NA	20-311-03793-GER2106806
25	25	1	19	293	25.292062	2.39668	2747	FR	1	1	1	3	3	3	5	7	13	19	105	NA	20-357-02001-GER2110557
25	25	1	19	161	25.282927	2.715346	1296	FR	1	1	1	3	3	3	5	9	13	23	71	NA	20-015-02809-GER2110359
94	95	32	19	612	100.486013	51.823728	87513	FR	13	27	39	51	65	79	97	111	139	215	377	NA	20-358-02560-GER2107087
26	25	2	19	440	26.037183	3.950336	2604	FR	1	3	3	3	5	13	53	117	209	287	509	NA	18-268-02551-GER2213030
25	25	1	19	324	25.452897	2.259372	2378	FR	1	1	1	1	3	3	7	13	93	165	253	NA	19-022-00769-GER2106675
93	54	33	19	1380	102.238008	55.602083	49257	FR	15	29	43	55	67	81	99	113	149	253	399	NA	19-148-05269-GER2106805
56	25	31	19	370	70.493662	49.995152	7338	FR	15	29	41	57	63	63	73	107	159	215	365	NA	19-008-03845-GER2110494
25	25	0	19	179	24.613389	1.125634	5020	FR	1	1	1	1	1	1	3	5	11	37	189	NA	20-135-04538-GER2106888
26	25	2	19	427	25.898594	4.001399	1761	FR	1	3	3	3	5	7	15	65	163	201	397	NA	20-329-03128-GER2213083
44	25	21	19	342	63.560287	45.010868	2385	FR	21	37	39	39	43	51	91	127	173	215	359	NA	20-111-02221-GER2106930
25	25	1	19	72	25.100513	2.434385	1001	FR	1	1	1	3	3	3	5	7	11	13	41	NA	21-298-04842-GER2213054
25	25	1	19	149	25.324263	2.74436	937	FR	1	1	1	3	3	3	5	9	17	25	95	NA	21-027-01771-GER2106962
25	25	1	19	154	25.383621	2.936884	743	FR	1	1	1	3	3	5	5	11	17	25	109	NA	21-147-01127-GER2110509
89	25	32	19	832	91.41316	48.240241	24039	FR	13	25	39	51	65	79	97	117	129	159	335	NA	20-015-02671-GER2110366
25	25	1	19	248	25.340824	2.384167	2193	FR	1	1	1	1	3	3	3	7	11	15	67	NA	18-227-01230-GER2106872
25	25	1	19	313	25.417553	2.5984	1670	FR	1	1	1	3	3	3	5	11	21	115	227	NA	21-075-01870-GER2107114
26	25	3	19	236	27.820046	7.064744	1847	FR	1	3	3	3	7	15	53	115	159	203	261	NA	20-227-03123-GER2110284
25	25	1	19	90	25.247305	2.592359	1531	FR	1	1	1	3	3	3	5	7	11	17	41	NA	19-182-03718-GER2110206
25	25	1	19	276	25.316246	2.675591	1332	FR	1	1	1	3	3	3	5	9	13	21	49	NA	19-316-02679-GER2110240
26	25	2	19	321	26.269006	4.401525	1397	FR	1	3	3	3	5	11	23	83	167	215	341	NA	20-015-04115-GER2107016
25	25	1	19	280	25.642164	2.714016	2261	FR	1	1	1	3	3	3	5	9	13	19	73	NA	21-007-04286-GER2110420
25	25	1	19	70	25.185083	2.315307	5128	FR	1	1	1	1	3	3	5	5	9	13	25	NA	20-181-01841-GER2107072
26	25	1	19	402	25.408511	2.86825	2326	FR	1	3	3	3	3	7	11	19	119	171	361	NA	20-147-03045-GER2110453
25	25	1	19	112	25.314407	2.733644	1489	FR	1	1	1	3	3	3	5	9	13	23	51	NA	21-046-02187-GER2110193
25	25	1	19	132	25.33734	2.8983	1327	FR	1	1	1	3	3	5	5	9	17	25	51	NA	19-234-03680-GER2107048
93	25	40	19	772	100.09903	65.645534	11349	FR	17	29	45	63	81	101	123	137	163	285	459	NA	18-257-04075-GER2106740
25	25	1	19	197	25.692577	2.915301	1517	FR	1	1	1	3	3	5	5	11	17	25	135	NA	20-147-02233-GER2110479
25	25	1	19	155	25.538123	2.695378	727	FR	1	1	1	3	3	3	5	9	17	25	99	NA	20-133-03273-GER2110315
26	25	1	19	288	25.763002	2.67672	3745	FR	1	3	3	3	3	7	11	39	119	173	275	NA	19-063-03378-GER2106792
107	105	39	19	1547	124.107515	75.090135	100333	FR	13	27	43	61	79	97	121	143	249	367	625	NA	18-288-01038-GER2106724
25	25	1	19	200	26.073963	3.034885	2119	FR	1	1	1	3	3	5	7	11	17	25	67	NA	20-220-03565-GER2107050
25	25	1	19	160	25.960177	2.965804	3480	FR	1	1	1	3	3	3	5	11	13	17	41	NA	19-210-01626-GER2106849
26	25	2	19	379	25.957066	3.940604	2813	FR	1	3	3	3	5	7	13	47	139	199	303	NA	20-027-02719-GER2110547
25	25	1	19	415	25.327561	2.4166	3352	FR	1	1	1	3	3	5	9	17	123	187	293	NA	18-267-00748-GER2110446
25	25	0	19	171	24.416667	1.379174	423	FR	1	1	1	1	1	3	5	7	15	25	59	NA	20-111-01313-GER2106938
25	25	1	19	265	25.448	2.578336	1424	FR	1	1	1	3	3	5	5	11	27	121	229	NA	20-150-02300-GER2106994
25	25	1	19	248	25.382519	2.767455	1213	FR	1	1	1	3	3	5	7	13	33	109	275	NA	20-203-03947-GER2106766
25	25	1	19	291	25.473354	2.336306	3210	FR	1	1	1	3	3	5	9	25	137	193	285	NA	18-268-01321-GER2110442
25	25	1	19	61	25.252479	2.540275	1361	FR	1	1	1	3	3	3	5	7	13	17	49	NA	21-084-04784-GER2213109
89	49	35	19	673	93.554881	46.183622	38389	FR	17	29	45	57	71	81	91	103	129	161	301	NA	19-189-02797-GER2110390
25	25	1	19	150	25.278163	2.72454	1951	FR	1	1	1	3	3	3	5	7	13	19	49	NA	20-307-02614-GER2106987
25	25	1	19	408	25.486426	2.531039	2856	FR	1	1	1	3	3	3	5	9	13	25	179	NA	19-228-03619-GER2107043
25	25	1	19	61	25.218964	2.581917	1054	FR	1	1	1	3	3	3	5	9	11	17	49	NA	21-148-01728-GER2213145
84	25	38	19	539	94.916097	61.5361	18739	FR	17	31	45	61	77	91	115	121	167	265	463	NA	18-274-01443-GER2106733
26	25	2	19	299	26.385994	4.495704	2237	FR	1	3	3	3	5	7	13	43	141	199	323	NA	19-259-01377-GER2110521
25	25	1	19	240	25.362848	2.447861	2386	FR	1	1	1	3	3	3	5	9	17	65	203	NA	19-149-04291-GER2106802
25	25	1	19	88	25.63404	2.849957	1932	FR	1	1	1	3	3	3	5	9	15	21	47	NA	19-364-04059-GER2107075
88	25	31	19	599	93.099916	45.61023	46308	FR	13	23	37	49	63	73	89	103	127	161	311	NA	18-232-01759-GER2213133
110	95	42	19	7175	129.209836	81.486685	136325	FR	17	31	47	65	85	105	127	151	263	393	709	NA	20-125-01505-GER2110294
87	25	33	19	3493	87.752221	44.35597	24313	FR	15	25	41	53	67	81	95	117	125	143	273	NA	19-064-00742-GER2106791
25	25	1	19	73	25.195691	2.500555	1156	FR	1	1	1	1	3	3	5	7	13	17	49	NA	21-061-02874-GER2110343
25	25	1	19	156	25.431242	2.703254	1724	FR	1	1	1	3	3	3	5	9	13	17	49	NA	20-055-01638-GER2110545
26	25	1	19	413	25.587744	2.455737	1160	FR	3	3	3	3	3	15	59	117	175	215	403	NA	19-141-02492-GER2106894
25	25	1	19	207	25.28175	2.588866	2257	FR	1	1	1	3	3	3	5	9	13	27	165	NA	21-085-03558-GER2106758
25	25	1	19	126	25.43418	2.679563	885	FR	1	1	1	3	3	3	5	7	13	17	29	NA	20-275-01072-GER2213122
25	25	1	19	260	25.431655	2.467566	3640	FR	1	1	1	3	3	3	5	9	17	57	219	NA	20-364-04244-GER2107085
25	25	1	19	312	25.436152	2.279678	6180	FR	1	1	1	1	3	3	3	7	11	17	165	NA	18-268-02741-GER2106734
25	25	1	19	310	25.386609	1.937347	9841	FR	1	1	1	1	3	3	3	7	27	149	253	NA	19-085-01479-GER2106710
25	25	1	19	128	25.266627	2.549786	1732	FR	1	1	1	3	3	3	5	9	13	17	67	NA	20-252-01883-GER2110532
25	25	1	19	181	25.530339	2.739488	1396	FR	1	1	1	3	3	3	7	11	19	49	189	NA	21-046-03433-GER2110192
25	25	1	19	60	25.380515	2.821985	573	FR	1	1	1	3	3	3	5	9	13	23	49	NA	21-270-03300-GER2213021
25	25	1	19	461	25.419015	2.400696	3903	FR	1	1	1	3	3	3	7	13	101	165	319	NA	18-240-02710-GER2110314
26	25	2	19	258	26.039255	3.872526	1743	FR	1	3	3	3	5	7	9	15	85	157	243	NA	19-350-02771-GER2107095
25	25	1	19	167	25.383595	2.784103	917	FR	1	1	1	3	3	5	7	11	21	59	209	NA	21-130-02142-GER2106746
25	25	1	19	143	25.638751	2.829823	1484	FR	1	1	1	3	3	3	5	9	13	23	67	NA	19-263-02813-GER2110404
90	95	28	19	595	93.449253	41.649836	123977	FR	11	21	33	45	57	69	83	97	113	139	299	NA	20-118-02697-GER2106978
25	25	1	19	249	25.199425	2.621065	1154	FR	1	1	1	3	3	3	5	11	19	117	263	NA	18-323-01820-GER2213031
25	25	1	19	109	25.200669	2.709225	627	FR	1	1	1	3	3	3	5	9	13	21	49	NA	19-297-04242-GER2110352
25	25	1	19	130	25.52358	2.710355	1086	FR	1	1	1	3	3	3	5	9	13	21	49	NA	20-167-01502-GER2110203
25	25	1	19	96	25.36488	2.545306	901	FR	1	1	1	3	3	3	5	7	11	17	41	NA	19-288-04918-GER2213089
25	25	1	19	197	26.000635	3.276513	1684	FR	1	1	1	3	3	5	7	13	17	25	49	NA	21-144-03654-GER2110435
25	25	1	19	285	25.459843	2.536143	2931	FR	1	1	1	3	3	3	7	11	55	159	299	NA	19-218-02073-GER2106856
25	25	1	19	75	25.314922	2.58673	1258	FR	1	1	1	3	3	3	5	7	13	17	41	NA	20-141-02240-GER2106953
25	25	1	19	100	25.454808	2.318729	2121	FR	1	1	1	1	3	3	3	5	11	13	27	NA	18-344-01997-GER2213048
25	25	1	19	156	25.329562	2.754193	1473	FR	1	1	1	3	3	5	5	9	13	19	75	NA	20-090-01921-GER2107058
95	95	29	19	562	98.857264	44.79014	120766	FR	11	23	35	47	59	73	87	105	121	147	325	NA	19-346-02758-GER2110218
25	25	1	19	110	25.391238	2.521218	2023	FR	1	1	1	1	3	3	5	7	11	17	49	NA	18-334-01797-GER2106689
25	25	1	19	61	25.098431	2.483146	724	FR	1	1	1	3	3	3	5	9	11	13	47	NA	20-273-01785-GER2213070
25	25	1	19	124	25.11522	2.743463	752	FR	1	1	1	3	3	3	5	9	15	25	147	NA	20-132-02836-GER2106881
81	25	34	19	535	84.57712	48.060245	13708	FR	15	27	41	55	69	83	103	113	125	161	325	NA	19-046-03678-GER2106797
96	95	29	19	3446	99.263952	43.488302	149531	FR	11	23	35	47	59	71	85	103	119	143	311	NA	20-006-03091-GER2110544
99	95	35	14	1703	112.465178	64.665034	278894	FR	13	27	41	55	71	87	105	123	209	305	537	NA	18-267-01063-GER2110441
25	25	1	19	452	25.22822	2.3171	3370	FR	1	1	1	3	3	3	5	11	53	137	273	NA	19-032-01211-GER2106935
25	25	1	19	163	25.37967	2.493663	2906	FR	1	1	1	3	3	3	5	7	13	17	123	NA	18-337-03731-GER2110492
95	25	34	19	2823	101.70327	53.339742	60276	FR	13	27	41	53	69	81	97	113	141	223	385	NA	19-197-02182-GER2107051
61	25	36	19	526	74.924951	53.998717	8746	FR	17	35	51	67	73	73	81	115	169	213	401	NA	20-294-03457-GER2110398
25	25	0	19	188	24.658029	1.066733	3078	FR	1	1	1	1	1	1	1	3	7	13	67	NA	20-113-02645-GER2106931
63	25	38	19	477	82.441947	64.899452	4586	FR	19	43	61	75	77	79	89	137	207	311	489	NA	19-364-01840-GER2110535
25	25	1	19	134	25.343564	2.740834	1055	FR	1	1	1	3	3	3	5	9	13	19	49	NA	20-210-03073-GER2107111
57	25	32	19	406	67.194789	43.286757	6373	FR	17	35	51	63	65	65	73	97	137	169	293	NA	18-352-02199-GER2110462
25	25	1	19	231	25.383721	2.614629	2053	FR	1	1	1	3	3	3	5	9	17	49	195	NA	19-108-01961-GER2106770
89	25	36	19	408	91.870136	48.130249	15855	FR	13	27	43	57	73	89	103	125	133	155	301	NA	20-112-02430-GER2106901
25	25	1	19	213	25.219404	2.566141	1670	FR	1	1	1	3	3	3	5	9	13	25	161	NA	19-108-01469-GER2106769
25	25	1	19	137	25.198347	2.5508	1136	FR	1	1	1	3	3	3	5	9	13	17	49	NA	21-111-01387-GER2106753
28	25	5	19	521	32.996541	14.376643	3806	FR	5	7	7	7	11	27	69	125	177	217	337	NA	18-239-04355-GER2110268
25	25	1	19	239	25.398206	2.410757	2332	FR	1	1	1	1	3	3	3	7	13	19	187	NA	18-227-03043-GER2106871
25	25	1	19	135	25.303043	2.577508	2402	FR	1	1	1	3	3	3	5	7	13	17	49	NA	20-335-03261-GER2110558
25	25	1	19	61	25.481531	2.596232	1531	FR	1	1	1	3	3	3	5	7	13	17	49	NA	19-077-02153-GER2213101
25	25	1	19	60	25.353175	2.526931	2054	FR	1	1	1	1	3	3	5	7	11	13	25	NA	18-310-01589-GER2213044
25	25	1	19	425	25.569857	2.430147	3702	FR	1	1	1	1	3	3	5	9	19	91	223	NA	18-345-03605-GER2106928
25	25	1	19	148	25.094054	2.792774	981	FR	1	1	1	3	3	3	5	11	13	25	123	NA	20-142-02601-GER2110313
25	25	1	19	225	25.586806	2.509142	3639	FR	1	1	1	1	3	3	5	7	13	23	189	NA	18-309-04175-GER2106717
25	25	1	19	60	25.134734	2.563142	831	FR	1	1	1	3	3	3	5	7	11	17	47	NA	22-138-02997-GER2213123
25	25	1	19	94	25.29	2.692639	2189	FR	1	1	1	3	3	3	5	9	13	19	49	NA	20-352-02197-GER2110198
40	25	16	19	254	56.459033	37.816072	6816	FR	15	27	31	31	33	39	69	109	155	183	255	NA	18-324-01214-GER2110488
97	25	35	6	5735	103.652934	55.75741	60322	FR	13	27	41	57	71	87	105	119	145	227	419	NA	18-352-01901-GER2106687
25	25	1	19	244	25.828035	2.623256	1525	FR	1	1	1	1	3	3	5	9	21	35	191	NA	20-099-00662-GER2106949
25	25	1	19	233	25.50315	3.035783	1217	FR	1	1	1	3	3	5	7	11	19	41	185	NA	21-152-03541-GER2106906
25	25	1	19	168	25.464542	2.858739	1326	FR	1	1	1	3	3	5	5	9	17	23	117	NA	21-026-03062-GER2106961
88	25	29	19	552	89.77307	44.342441	49841	FR	13	21	35	47	59	73	89	103	127	145	305	NA	20-364-03466-GER2107084
25	25	1	19	199	25.309216	2.526083	2574	FR	1	1	1	3	3	3	5	7	13	19	57	NA	20-287-01323-GER2110411
25	25	1	19	75	25.496654	2.749491	1401	FR	1	1	1	3	3	3	5	9	13	19	33	NA	20-178-03329-GER2107071
27	25	5	19	410	32.12767	14.259588	2689	FR	3	5	5	5	11	29	87	151	219	289	461	NA	18-242-01440-GER2213135
25	25	1	19	136	25.330275	2.686547	1371	FR	1	1	1	3	3	3	5	9	13	19	49	NA	21-074-04082-GER2110426
92	25	33	19	722	100.865619	55.619134	55878	FR	13	27	41	53	67	81	97	113	149	243	431	NA	20-356-02486-GER2106852
25	25	1	19	152	25.229167	2.745874	1477	FR	1	1	1	3	3	3	5	9	13	25	157	NA	21-020-04533-GER2110169
69	25	42	19	310	76.404585	48.090775	5104	FR	17	35	55	69	85	89	91	103	145	175	303	NA	19-189-02857-GER2106851
94	95	33	19	6793	103.93638	57.448465	94727	FR	13	25	39	53	67	81	99	115	155	261	477	NA	20-111-01596-GER2110279
25	25	1	19	156	25.264	2.736655	537	FR	1	1	1	3	3	5	5	9	13	47	181	NA	18-257-04261-GER2213026
25	25	1	19	98	25.403636	2.813073	1427	FR	1	1	1	3	3	3	5	9	13	19	49	NA	21-139-01969-GER2110433
82	25	38	19	601	89.363477	54.146802	11964	FR	17	35	49	65	77	89	107	115	143	203	383	NA	19-011-02807-GER2110487
25	25	1	19	155	25.428387	2.73738	833	FR	1	1	1	3	3	3	5	9	17	25	121	NA	19-308-03788-GER2110360
25	25	1	19	148	25.637394	2.850855	1096	FR	1	1	1	3	3	5	5	9	13	17	47	NA	19-183-04481-GER2106837
25	25	1	19	151	25.45171	2.546636	2774	FR	1	1	1	3	3	3	5	7	13	17	65	NA	21-091-01915-GER2106757
25	25	1	19	361	25.511236	2.468552	2084	FR	1	1	1	3	3	3	7	13	59	155	277	NA	19-112-02367-GER2106691
92	95	29	19	4000	94.923231	43.300881	86142	FR	9	21	35	47	59	71	85	101	121	145	307	NA	18-262-02448-GER2110427
92	95	29	19	5647	98.283709	48.516961	64997	FR	11	21	33	45	59	73	89	107	135	205	357	NA	20-100-01337-GER2106887
25	25	1	19	279	25.461059	2.594692	1821	FR	1	1	1	3	3	3	5	11	27	109	223	NA	19-140-02185-GER2106711
25	25	0	19	60	24.605627	1.122475	2547	FR	1	1	1	1	1	1	3	3	7	11	25	NA	20-241-02247-GER2107103
25	25	1	19	61	25.375	2.480717	997	FR	1	1	1	3	3	3	5	7	13	17	49	NA	21-224-03194-GER2213013
90	25	35	19	4338	95.66493	55.657532	9993	FR	13	27	41	55	71	87	105	129	141	219	405	NA	21-126-02027-GER2110438
25	25	1	19	70	25.301637	2.544155	2645	FR	1	1	1	3	3	3	5	7	11	17	47	NA	20-107-02755-GER2110277
25	25	1	19	166	25.46786	2.40791	1323	FR	1	1	1	1	3	3	5	9	13	31	201	NA	19-148-04308-GER2106799
25	25	1	19	60	25.53532	2.805159	947	FR	1	1	1	3	3	3	5	9	13	19	49	NA	21-253-02293-GER2213018
87	25	32	19	536	89.345899	46.715719	15553	FR	15	27	41	53	65	77	91	109	127	149	343	NA	19-255-02002-GER2110329
93	25	33	19	789	102.059974	58.605516	181026	FR	11	25	39	53	67	83	101	119	163	265	449	NA	20-002-01546-GER2107063
25	25	1	19	126	25.608992	2.744902	757	FR	1	1	1	1	3	3	5	9	13	17	63	NA	19-277-03481-GER2110395
26	25	1	19	418	25.369919	2.280057	1976	FR	1	3	3	3	3	5	13	67	165	247	433	NA	18-274-02688-GER2213037
25	25	1	19	218	25.428571	2.685515	2315	FR	1	1	1	3	3	3	5	9	13	19	117	NA	21-048-02325-GER2106861
91	95	29	19	798	94.437577	42.989936	116512	FR	11	23	35	47	59	73	87	101	119	143	307	NA	20-132-00678-GER2106914
26	25	3	19	307	27.000814	6.021879	1664	FR	1	3	3	5	7	11	35	119	197	261	393	NA	20-069-03676-GER2107100
31	25	6	19	225	37.264706	18.709223	848	FR	9	11	13	13	13	21	51	105	157	197	281	NA	20-268-01535-GER2106776
86	25	30	19	460	88.299352	43.61112	18826	FR	11	23	35	49	61	73	89	103	123	143	305	NA	20-114-01309-GER2110248
28	25	5	19	351	32.843476	14.380946	4505	FR	5	7	7	7	11	23	71	131	191	225	363	NA	18-281-04881-GER2110457
25	25	1	19	210	25.615582	3.019842	1315	FR	1	1	1	3	3	5	9	13	25	85	323	NA	20-183-04384-GER2107105
25	25	1	19	60	25.487179	2.470688	995	FR	1	1	1	1	3	3	5	7	11	13	47	NA	19-084-03710-GER2213043
25	25	1	19	201	25.263351	2.396939	3095	FR	1	1	1	3	3	3	5	7	11	17	57	NA	19-246-04966-GER2110174
80	25	35	19	539	84.795774	47.748515	23672	FR	15	29	41	55	71	83	101	111	131	161	325	NA	19-135-02344-GER2110498
25	25	1	19	99	25.906977	2.672081	2793	FR	1	1	1	1	3	3	5	7	13	17	25	NA	21-280-03253-GER2213024
25	25	1	19	120	25.177722	2.469555	827	FR	1	1	1	3	3	3	5	7	11	17	49	NA	20-150-01144-GER2110344
25	25	1	19	105	25.420941	2.597203	1962	FR	1	1	1	3	3	3	5	7	13	19	47	NA	19-347-03085-GER2110215
25	25	1	19	120	25.923259	2.977155	4765	FR	1	1	1	3	3	3	5	11	13	17	41	NA	19-115-03090-GER2110491
25	25	1	19	85	25.714463	2.716165	3330	FR	1	1	1	3	3	3	5	9	13	17	47	NA	21-057-01851-GER2107038
25	25	1	19	204	25.060419	2.606413	1720	FR	1	1	1	3	3	3	5	9	13	25	113	NA	20-169-01017-GER2106842
25	25	1	19	279	25.40147	2.568541	1628	FR	1	1	1	3	3	3	5	9	17	43	199	NA	20-206-02868-GER2106864
25	25	1	19	264	25.239451	2.52739	2111	FR	1	1	1	3	3	3	5	9	13	31	199	NA	20-069-03113-GER2107099
74	25	42	19	7008	83.069798	56.650994	6208	FR	17	35	49	67	85	97	99	111	161	201	503	NA	20-259-02159-GER2110219
35	25	11	19	418	52.026316	35.251412	7246	FR	17	19	21	21	23	41	85	129	191	235	423	NA	19-022-03219-GER2110500
27	25	4	19	519	29.213488	9.931244	3065	FR	3	5	5	5	9	21	81	145	233	295	535	NA	18-309-03448-GER2106722
26	25	3	19	510	27.035088	6.096328	2056	FR	1	3	3	3	7	11	25	93	181	225	417	NA	21-027-01597-GER2106963
25	25	1	19	396	25.211432	2.432024	2318	FR	1	1	1	3	3	5	9	39	131	197	309	NA	20-139-01315-GER2110301
25	25	1	19	192	25.368862	2.334551	2188	FR	1	1	1	3	3	5	7	15	85	155	247	NA	20-107-02245-GER2106941
25	25	1	19	256	25.584661	2.771034	1765	FR	1	1	1	1	3	3	5	7	15	19	113	NA	21-113-00836-GER2106752
25	25	1	19	287	25.413073	2.19071	3807	FR	1	1	1	1	3	3	3	5	11	15	99	NA	18-229-01981-GER2110528
25	25	1	19	163	25.303788	2.647898	1452	FR	1	1	1	3	3	3	5	7	13	19	49	NA	19-352-02720-GER2107068
25	25	1	19	143	25.276856	2.803475	1180	FR	1	1	1	3	3	3	5	9	13	17	49	NA	18-250-02325-GER2110270
25	25	1	19	244	25.170965	2.686343	1251	FR	1	1	1	3	3	5	9	13	83	165	283	NA	18-247-01918-GER2110327
25	25	1	19	151	25.290024	2.599326	2564	FR	1	1	1	3	3	3	5	7	13	17	49	NA	18-303-04863-GER2110459
89	25	38	19	4264	98.900723	66.021497	57660	FR	17	33	49	61	77	93	113	129	185	307	481	NA	19-156-01274-GER2106807
25	25	1	19	159	25.274781	2.840446	1421	FR	1	1	1	3	3	5	5	9	13	19	63	NA	20-196-00884-GER2110246
84	25	34	19	694	92.306625	54.698287	23615	FR	15	29	43	57	69	85	99	119	147	229	405	NA	19-259-02346-GER2106786
25	25	1	19	61	25.276644	2.436138	1806	FR	1	1	1	1	3	3	5	7	11	13	49	NA	18-283-01010-GER2110449
62	25	36	19	402	73.17492	51.789979	2504	FR	17	35	51	67	73	75	81	109	159	189	333	NA	20-104-02192-GER2110274
25	25	1	19	175	25.501418	2.628359	2194	FR	1	1	1	3	3	3	5	9	13	17	67	NA	21-081-03848-GER2213088
26	25	3	19	581	27.972458	7.772183	5892	FR	1	3	3	5	7	15	53	111	185	245	399	NA	19-105-02811-GER2106774
89	25	37	19	618	94.415115	58.684668	10804	FR	13	27	43	59	75	93	109	129	143	257	407	NA	19-238-01325-GER2110166
25	25	1	19	218	25.326825	2.641923	1237	FR	1	1	1	1	3	3	5	9	13	21	135	NA	20-363-02627-GER2213076
25	25	1	19	272	25.65445	2.831385	829	FR	1	1	1	3	3	3	7	11	17	27	131	NA	19-277-03776-GER2110406
87	25	30	19	409	88.066852	39.830506	19432	FR	13	21	35	49	61	73	87	101	125	131	203	NA	18-264-04671-GER2110445
25	25	1	19	257	25.647623	2.661459	2343	FR	1	1	1	3	3	3	5	9	17	35	193	NA	19-197-02600-GER2106858
44	25	19	19	295	59.867647	40.768601	1501	FR	15	31	37	39	39	43	67	103	151	205	275	NA	19-148-01909-GER2106801
25	25	1	19	265	25.409466	2.437082	3257	FR	1	1	1	1	3	3	5	7	13	17	127	NA	20-273-01641-GER2110413
75	25	40	19	579	83.62636	54.477175	10754	FR	19	33	49	67	81	99	101	105	149	199	379	NA	19-175-01367-GER2110370
54	25	29	19	567	69.049609	51.711019	7050	FR	19	35	53	59	59	63	75	115	175	225	399	NA	19-120-01440-GER2106933
25	25	0	19	413	24.804318	0.797484	1293	FR	1	1	1	1	1	3	21	65	129	181	279	NA	19-072-00897-GER2106884
25	25	1	19	61	25.337742	2.442385	1012	FR	1	1	1	1	3	3	5	7	11	17	27	NA	21-285-04918-GER2213055
25	25	1	19	155	25.220027	2.365414	3030	FR	1	1	1	1	3	3	3	7	11	15	47	NA	19-140-01405-GER2106697
88	25	31	19	464	90.068612	43.853049	11211	FR	13	23	37	51	63	77	91	107	127	139	277	NA	20-098-01910-GER2110258
25	25	1	19	60	25.324042	2.599327	893	FR	1	1	1	3	3	3	5	7	13	19	47	NA	20-106-00933-GER2110283
25	25	1	19	78	25.14442	2.447463	944	FR	1	1	1	3	3	3	5	7	11	15	49	NA	18-295-02323-GER2213042
25	25	1	19	186	25.452496	2.988108	664	FR	1	1	3	3	3	5	5	11	17	25	51	NA	18-271-03310-GER2213035
89	25	30	19	538	90.463191	42.770718	18860	FR	11	21	35	49	61	73	89	105	129	139	289	NA	20-132-01483-GER2110302
25	25	1	19	170	25.549462	2.596622	2884	FR	1	1	1	1	3	3	5	7	13	17	49	NA	19-249-02506-GER2107047
89	25	35	19	7743	99.567201	61.161195	24834	FR	13	29	43	57	71	89	105	129	171	273	481	NA	20-363-01163-GER2107089
26	25	3	19	404	27.54569	6.888415	3214	FR	1	3	3	3	7	13	49	119	189	229	301	NA	19-176-01958-GER2106834
25	25	1	19	410	25.431114	2.559329	1636	FR	1	1	1	3	3	3	5	9	17	39	159	NA	20-288-03825-GER2110408
25	25	1	19	152	25.195593	2.545093	3073	FR	1	1	1	3	3	3	5	7	13	17	57	NA	19-084-02677-GER2110484
28	25	5	19	363	32.142256	14.131076	1939	FR	5	7	7	7	11	25	83	127	181	221	357	NA	20-147-05168-GER2106688
25	25	1	19	246	25.468608	2.438061	3169	FR	1	1	1	1	3	3	5	7	11	17	35	NA	18-309-04496-GER2106716
62	25	36	19	346	71.474768	45.155639	6024	FR	17	33	47	63	73	75	79	99	135	179	313	NA	19-218-04614-GER2110189
25	25	1	19	168	25.2333	2.709377	1090	FR	1	1	1	3	3	3	5	11	17	41	153	NA	19-315-01968-GER2110354
25	25	1	19	409	25.48679	2.549312	3727	FR	1	1	1	3	3	3	5	11	35	137	249	NA	18-274-01352-GER2110444
25	25	1	19	149	25.432696	2.540754	2424	FR	1	1	1	1	3	3	3	5	13	17	63	NA	20-233-01264-GER2107098
25	25	1	19	115	25.436577	2.666939	2048	FR	1	1	1	3	3	3	5	9	13	19	71	NA	19-176-04031-GER2110209
25	25	0	19	271	24.627426	1.086191	3922	FR	1	1	1	1	1	1	3	3	11	27	153	NA	20-104-02013-GER2106879
43	25	19	19	554	63.566967	48.460106	5576	FR	19	35	35	37	39	47	93	139	201	283	471	NA	21-020-01884-GER2107101
83	25	44	19	783	91.928447	63.87129	6911	FR	17	35	53	71	89	109	117	121	167	267	455	NA	19-266-01241-GER2106816
96	25	35	19	731	105.929302	60.716425	100304	FR	13	27	41	57	71	87	105	121	161	271	481	NA	18-337-01679-GER2106693
25	25	1	19	54	26.210507	2.845291	5710	FR	1	1	1	3	3	3	5	9	13	17	29	NA	21-047-02018-GER2213075
25	25	1	19	316	25.163438	2.322026	1736	FR	1	1	1	3	3	3	5	7	11	21	173	NA	18-253-01483-GER2110265
79	25	36	19	445	81.202678	45.439649	26211	FR	17	31	45	59	73	87	107	109	125	151	255	NA	19-045-02331-GER2106787
31	25	8	19	596	41.718273	25.422474	4657	FR	11	13	13	13	17	37	87	143	227	309	539	NA	20-132-01547-GER2106911
25	25	1	19	378	25.567031	2.492553	1751	FR	1	1	1	3	3	5	7	13	77	173	265	NA	19-092-04909-GER2106794
26	25	2	19	270	26.059365	4.357319	1185	FR	1	3	3	3	5	7	13	23	119	177	269	NA	18-257-04102-GER2110443
38	25	14	19	542	55.934749	39.013564	7340	FR	15	23	25	27	29	37	75	127	177	227	409	NA	21-012-04118-GER2110423
25	25	1	19	245	25.169734	2.584463	1130	FR	1	1	1	3	3	5	7	11	49	139	261	NA	21-074-05741-GER2106759
25	25	1	19	357	25.401899	2.582032	2138	FR	1	1	1	3	3	3	5	11	27	123	273	NA	18-228-02823-GER2106919
102	151	34	4	771	109.657157	56.194386	102180	FR	15	27	39	55	69	85	99	119	151	245	399	NA	20-108-02544-GER2106921
25	25	1	19	312	26.344534	2.946223	21708	FR	1	1	1	3	3	3	5	11	13	17	29	NA	19-063-02534-GER2110391
25	25	1	19	134	25.351598	2.475412	896	FR	1	1	1	1	3	3	5	7	11	15	41	NA	19-009-02277-GER2213051
26	25	3	19	367	28.057971	7.40384	3317	FR	1	3	3	3	7	15	47	105	165	211	333	NA	19-063-01308-GER2110393
60	25	33	19	391	70.526853	45.407564	9314	FR	13	23	37	49	67	71	73	91	139	195	317	NA	20-337-02052-GER2110551
103	25	42	11	6540	113.580891	68.811936	74138	FR	17	31	47	67	85	99	119	135	181	299	521	NA	19-014-03964-GER2106678
29	25	7	19	634	38.83745	22.309064	4343	FR	7	9	9	9	15	41	91	141	215	311	501	NA	21-019-02337-GER2213080
78	25	47	19	492	86.580622	60.743017	4149	FR	23	39	57	75	95	105	107	115	157	255	407	NA	20-209-05396-GER2110228
25	25	1	19	150	25.441134	2.796521	1422	FR	1	1	1	3	3	3	5	9	13	17	49	NA	21-138-01151-GER2106747
25	25	1	19	148	25.493464	2.509261	3445	FR	1	1	1	3	3	3	5	7	13	15	41	NA	20-072-02685-GER2110530
25	25	1	19	53	25.282629	2.640405	1097	FR	1	1	1	3	3	3	5	7	11	17	49	NA	19-032-01284-GER2110504
94	95	30	19	647	99.486591	48.331457	215337	FR	11	25	37	49	61	75	89	105	121	189	355	NA	20-118-00921-GER2106982
25	25	1	19	156	25.380121	2.5806	1387	FR	1	1	1	3	3	3	5	9	13	21	99	NA	19-303-03980-GER2106997
26	25	1	19	367	25.532456	2.356686	11238	FR	1	3	3	3	3	7	13	73	157	205	261	NA	19-112-01702-GER2110480
26	25	3	19	285	27.842028	7.238169	2780	FR	1	3	3	3	7	13	45	109	171	207	307	NA	18-240-02836-GER2110269
97	69	34	19	735	108.193331	58.377644	42229	FR	13	27	41	55	69	83	101	117	161	267	443	NA	19-323-02744-GER2107000
25	25	1	19	239	25.249799	2.66073	1324	FR	1	1	1	3	3	5	5	9	13	25	155	NA	21-166-01503-GER2106878
25	25	1	19	258	25.471313	2.693081	2612	FR	1	1	1	3	3	5	7	11	21	73	229	NA	18-274-02652-GER2110454
92	25	41	19	649	98.843768	59.986265	29607	FR	17	33	51	65	83	101	117	135	153	229	407	NA	19-105-04097-GER2106772
29	25	7	19	338	38.320582	21.735322	3024	FR	7	9	9	9	15	39	87	145	193	235	303	NA	19-246-03718-GER2110175
81	25	32	19	388	82.989503	43.03112	19625	FR	13	25	37	51	65	77	91	111	117	141	275	NA	18-235-03501-GER2106926
25	25	1	19	206	25.710327	2.582814	525	FR	1	1	1	1	3	5	13	31	121	179	255	NA	19-169-01468-GER2106832
25	25	1	19	61	25.633462	2.587871	1070	FR	1	1	1	3	3	5	5	7	13	17	29	NA	20-338-01963-GER2107081
25	25	1	19	182	25.400739	2.815339	1188	FR	1	1	1	3	3	3	7	11	19	49	179	NA	19-207-03118-GER2106846
25	25	1	19	255	25.214286	2.356666	3266	FR	1	1	1	3	3	3	5	7	13	19	91	NA	19-161-01730-GER2106827
25	25	1	19	224	25.291406	2.811001	1352	FR	1	1	1	3	3	3	5	9	13	23	71	NA	21-092-02942-GER2110428
25	25	0	19	130	24.599602	1.135984	796	FR	1	1	1	1	1	3	5	7	17	23	105	NA	20-323-03359-GER2106818
25	25	1	19	139	25.31383	2.292865	4227	FR	1	1	1	1	3	3	3	5	11	13	29	NA	19-149-02971-GER2106803
25	25	1	19	208	25.206229	2.496244	1233	FR	1	1	1	3	3	3	5	7	13	17	73	NA	19-071-01068-GER2213140
25	25	1	19	60	25.247731	2.616126	1125	FR	1	1	1	3	3	3	5	7	11	15	25	NA	21-229-02151-GER2213014
25	25	1	19	209	25.607524	2.767804	2117	FR	1	1	1	3	3	3	5	9	17	31	167	NA	19-350-01517-GER2110212
26	25	2	19	251	26.057175	4.267169	2114	FR	1	3	3	3	5	7	11	19	87	161	269	NA	20-045-02250-GER2110326
25	25	1	19	166	25.183654	2.586583	2234	FR	1	1	1	3	3	3	5	9	13	21	71	NA	21-102-02329-GER2110429
93	25	34	19	618	96.86775	50.243369	38844	FR	13	27	41	55	69	83	99	115	137	167	353	NA	19-098-02063-GER2106796
26	25	3	19	263	27.868375	7.135806	2307	FR	1	3	3	3	7	13	39	103	173	219	281	NA	20-135-03931-GER2106898
90	25	32	19	651	99.217485	56.97038	14368	FR	13	25	39	53	65	79	97	123	157	267	431	NA	18-288-01839-GER2213040
25	25	1	19	348	25.586603	2.733305	2445	FR	1	1	1	3	3	5	9	13	49	147	287	NA	19-329-02196-GER2110180
27	25	4	19	566	29.820028	10.426987	4032	FR	3	5	5	5	9	23	79	135	205	287	487	NA	18-281-01467-GER2106728
25	25	1	19	174	25.297959	2.521968	3017	FR	1	1	1	1	3	3	5	7	11	17	47	NA	18-332-04729-GER2106695
25	25	1	19	141	25.888889	2.97669	352	FR	1	1	1	1	3	3	5	13	19	25	115	NA	19-305-03542-GER2106998
25	25	1	19	147	25.491059	2.611116	2259	FR	1	1	1	3	3	3	5	7	13	19	49	NA	19-123-02423-GER2106956
61	25	36	19	484	73.346229	51.601721	5121	FR	21	39	61	71	73	73	83	117	167	199	349	NA	20-020-02362-GER2110355
91	25	44	19	788	99.335239	67.364154	39217	FR	17	37	53	71	89	107	127	133	165	279	489	NA	19-009-04599-GER2106676
25	25	1	19	376	26.006292	2.960538	6336	FR	1	1	1	3	3	5	7	11	13	21	113	NA	21-070-02258-GER2106762
25	25	1	19	61	25.401639	2.501026	1136	FR	1	1	1	3	3	3	5	7	13	17	49	NA	19-049-03107-GER2213137
25	25	1	19	225	25.319752	2.29997	2429	FR	1	1	1	3	3	5	9	23	115	175	269	NA	19-106-04280-GER2110251
25	25	1	19	154	25.437051	2.501646	2746	FR	1	1	1	1	3	3	5	7	13	17	91	NA	21-253-00002-GER2110309
83	25	36	19	668	88.715096	54.277335	4937	FR	17	29	43	59	73	89	111	117	137	217	363	NA	20-224-01049-GER2110298
25	25	1	19	146	25.057203	3.06018	987	FR	1	1	1	3	3	5	7	11	13	21	55	NA	18-276-01687-GER2110447
25	25	1	19	99	25.287085	2.730284	1392	FR	1	1	1	3	3	3	5	9	13	17	49	NA	21-026-03506-GER2110234
26	25	2	19	402	26.105019	4.020015	1586	FR	1	3	3	3	5	7	11	25	127	247	491	NA	20-240-00925-GER2110225
25	25	1	19	356	25.471522	2.680934	1950	FR	1	1	1	3	3	3	5	9	15	27	191	NA	20-169-01246-GER2106932
25	25	1	19	244	25.790769	2.73544	6181	FR	1	1	1	3	3	3	5	9	13	25	179	NA	19-084-04141-GER2106681
52	25	27	19	728	72.471785	58.791872	4817	FR	21	39	53	55	55	59	83	131	219	315	543	NA	21-025-02117-GER2213082
25	25	1	19	309	25.088509	2.686281	821	FR	1	1	1	3	3	5	11	29	121	183	249	NA	21-159-02595-GER2106867
63	25	37	19	497	71.714441	47.183901	11025	FR	17	33	49	65	75	77	79	99	141	177	323	NA	18-227-03352-GER2213134
25	25	1	19	147	25.341772	2.319665	2678	FR	1	1	1	1	3	3	3	5	11	15	49	NA	19-042-00797-GER2106904
25	25	1	19	152	25.29417	2.669711	1217	FR	1	1	1	3	3	3	5	9	17	29	175	NA	19-309-02426-GER2107009
25	25	1	19	134	25.570888	2.594067	2720	FR	1	1	1	3	3	3	5	7	13	17	41	NA	19-155-01049-GER2106809
80	25	38	19	702	90.354262	61.043263	11193	FR	17	31	45	59	77	93	109	113	167	265	467	NA	18-225-03093-GER2110523
25	25	1	19	143	25.354952	2.471385	2912	FR	1	1	1	3	3	3	5	7	11	15	47	NA	19-024-03986-GER2106671
25	25	1	19	446	25.224751	2.632389	811	FR	1	1	1	3	3	5	7	11	39	131	239	NA	19-224-00010-GER2107026
25	25	1	19	119	25.379939	2.477606	688	FR	1	1	1	1	3	3	5	7	13	21	49	NA	19-095-04395-GER2110401
25	25	1	19	132	25.359526	2.417415	2357	FR	1	1	1	1	3	3	5	7	13	17	49	NA	21-057-03949-GER2107037
25	25	1	19	244	25.229896	2.461036	2151	FR	1	1	1	3	3	3	5	7	13	25	181	NA	19-239-01247-GER2106984
25	25	1	19	82	25.396731	2.594423	2087	FR	1	1	1	3	3	3	5	7	13	17	47	NA	19-287-03211-GER2107013
